# RAFT uniformInt<int> under GenPhilox -- reference values
# RAFT v26.08.00 (ebf92684b8a15addcddb43f442a382d528e8bd77), the RAFT
# cuML v26.08.00 (265b9da6a0e75dbef071a3168398b993a5ff6f0e) resolves.
# Philox core + cuRAND state machine compiled from cuRAND 10.3.10.19.
# generated by ensemble/tools/philox_oracle/oracle.cpp -- do not hand-edit
section ctr
ctr 0 0 0 0 0 0 0 0 1713891541 3781805453 3159862348 2600524760 0
ctr 0 1 0 0 1 0 0 0 2219120097 4035800746 253345875 2214098416 0
ctr 1 0 0 0 0 0 1 0 3823634032 3842641596 2515673792 3054873127 0
ctr 12345 0 0 0 0 0 12345 0 3522838145 796912209 3536492049 3811097568 0
ctr 12345 1 0 0 1 0 12345 0 2083340038 3986390571 1859693544 2340760273 0
ctr 12345 2 0 0 2 0 12345 0 3087511792 4043769782 3862132332 2797560971 0
ctr 12345 3 0 0 3 0 12345 0 3552926975 2131928964 502321458 2443093215 0
ctr 12345 255 0 0 255 0 12345 0 1982919033 2118054307 4179007482 4196827543 0
ctr 12345 4294967295 0 0 4294967295 0 12345 0 4169531309 3597890000 867019027 146202653 0
ctr 12345 4294967296 0 0 0 1 12345 0 835341305 1437380233 3449647672 2698547956 0
ctr 12345 4294967297 0 0 1 1 12345 0 892798882 3097034525 1331437971 3992353554 0
ctr 12345 18446744073709551615 0 0 4294967295 4294967295 12345 0 2218822668 3577237083 3244776833 2427725927 0
ctr 3735928559 7 0 0 7 0 3735928559 0 360503794 166694062 2842657107 3066466434 0
ctr 16045690984503098046 0 0 0 0 0 3405691582 3735928559 3280382903 3412562057 1670084015 2614145030 0
ctr 16045690984503098046 110591 0 0 110591 0 3405691582 3735928559 4092032384 2188434043 3378811934 334788301 0
section raw
raw 0 0 13 1713891541 3781805453 3159862348 2600524760 4175744164 1555169499 2980410603 159317863 83534633 1372009126 605361069 1167144420 3381718825
raw 0 1 13 2219120097 4035800746 253345875 2214098416 3397187230 3653729773 2120669524 1835372352 3321500563 3192634740 896882636 2847305120 577269391
raw 1 0 13 3823634032 3842641596 2515673792 3054873127 2886210587 3754282174 2042657351 2817941651 1062581232 2390150301 3062868622 3958191734 3253981089
raw 12345 0 13 3522838145 796912209 3536492049 3811097568 11954473 619747172 3835353109 2774477367 1814877333 1409597833 2271240661 1527686119 3057540118
raw 12345 1 13 2083340038 3986390571 1859693544 2340760273 2657208266 2701790804 1996242702 3006006197 3294482677 2886868050 1335055430 2921342448 2029743761
raw 12345 2 13 3087511792 4043769782 3862132332 2797560971 755601471 2714726565 1266998236 2365861708 528328633 3113871459 807853449 3365655533 3196777673
raw 12345 3 13 3552926975 2131928964 502321458 2443093215 1037281737 2915561492 1570056757 263556291 3220793352 3251408745 2462940883 1404467898 894604732
raw 12345 255 13 1982919033 2118054307 4179007482 4196827543 753884995 2618623626 2231822878 1699183429 2598531356 1919548133 1717502614 3003612006 1725632326
raw 12345 4294967295 13 4169531309 3597890000 867019027 146202653 990986435 1244483078 647098754 2795472514 1870354124 1794561705 2767424289 953124030 3937773063
raw 12345 4294967296 13 835341305 1437380233 3449647672 2698547956 1205577651 2939873682 3029704190 994596297 296884790 1861275740 405330407 3268159472 1552588472
raw 12345 4294967297 13 892798882 3097034525 1331437971 3992353554 351262738 459226993 4281462729 3735862711 790149857 2656139397 758699366 3542841801 1603380895
raw 12345 18446744073709551615 13 2218822668 3577237083 3244776833 2427725927 4032947883 3651446060 159260434 433774662 3230879636 1382220467 1528969716 3713404523 561746351
raw 3735928559 7 13 360503794 166694062 2842657107 3066466434 2299728579 3970952634 960301322 2154322040 744148268 855803779 2620113740 3514930917 2909843846
raw 16045690984503098046 0 13 3280382903 3412562057 1670084015 2614145030 1432963217 3501596885 999290258 3795395852 48191522 2714919335 4134391187 2647123512 3689826360
raw 16045690984503098046 110591 13 4092032384 2188434043 3378811934 334788301 980047750 1561367924 160207996 3116226247 1133293897 300699885 69821762 1085347036 310363328
section lemire
lemire 1 0 3 0 0 4294967295 0 1
lemire 1 -7 3 123456789 0 1 -7 1
lemire 1024 0 3 0 4194304 3735928559 0 1
lemire 1024 0 2 4194304 12345 1 1
lemire 1023 0 5 0 0 0 123456789 1 29 4
lemire 1025 0 4 0 0 2863311530 5 683 3
lemire 3 0 4 0 0 1 2 0 3
lemire 7 0 4 0 3735928559 1 2 6 2
lemire 1000000 0 3 0 3141592653 2718281828 731459 2
lemire 2147483647 0 4 0 0 1 2863311530 0 3
lemire 2147483648 0 3 0 1 4294967295 0 1
lemire 2147483649 -2 5 0 0 0 1 2 -2 4
lemire 2147483649 -2 3 2147483648 0 0 1073741822 1
lemire 4294967295 -2147483648 4 0 0 1 2863311530 -2147483648 3
section uint
uint 12345 0 0 2 10 1 0 1 1 0 0 1 1 0 0
uint 12345 0 0 3 10 2 0 2 2 0 0 2 1 1 0
uint 12345 0 0 1000 10 820 185 823 887 2 144 892 645 422 328
uint 12345 7 0 1000000 10 902240 560305 406440 369550 631736 679766 936032 210729 95851 309054
uint 12345 0 0 2147483647 10 1761419071 398456104 1768246023 1905548783 5977236 309873585 1917676553 1387238682 907438666 704798916
uint 12345 0 -2 2147483647 10 398456102 1905548782 5977234 907438664 704798914 763843057 1528770057 1277658882 1252440766 248559875
uint 16045690984503098046 3 -50 50 10 -45 -17 48 21 23 -21 35 -35 -10 -26
uint 0 0 0 1 10 0 0 0 0 0 0 0 0 0 0
uint 2166136261 110591 0 464809 10 385672 223103 301950 428503 36144 95242 197135 32950 325501 158258
section fill
fill 12345 0 110592 17 0 100 82 48 71 82 7 94 22 90 31 24 83 72 44 74 91 5 38
fill 12345 0 110592 251 0 1000 820 485 718 827 73 948 229 902 313 244 834 727 447 747 918 58 385 963 15 533 881 462 838 314 283 497 623 51 775 396 823 614 445 555 755 710 555 295 118 505 564 720 873 380 792 835 544 419 23 744 905 983 848 806 469 777 403 534 19 546 281 876 459 71 741 457 239 583 785 972 231 144 829 453 494 802 95 243 94 736 48 334 612 348 422 575 514 552 760 117 192 686 616 752 829 557 498 689 728 883 642 373 767 935 93 762 470 169 812 510 13 119 970 900 979 987 808 42 720 411 233 85 215 724 582 631 257 461 525 505 75 737 45 990 363 766 614 673 338 612 973 203 607 814 849 717 803 82 456 421 397 93 573 895 877 592 53 96 789 342 392 901 622 390 739 382 761 564 19 772 511 334 804 645 981 594 840 315 880 293 855 393 352 125 54 631 210 997 840 160 643 739 525 353 130 415 590 391 631 516 261 806 750 4 238 660 419 823 952 685 941 813 233 959 756 635 385 74 890 635 823 774 81 682 557 794 451 758 395 317 167 917 540 295 609 630 996 716 14 24 544 907 699 904 358 132 681 612 771 823 381
fill 2166136261 0 110592 1000 0 1000 268 116 930 736 652 262 517 317 77 172 139 832 119 506 113 159 734 570 677 59 999 815 558 696 942 475 623 564 0 294 384 927 113 548 731 888 657 186 817 634 497 352 225 432 578 62 908 758 758 726 383 179 590 906 526 487 33 766 907 334 431 293 162 695 859 81 818 229 552 207 385 410 513 524 306 317 146 667 593 582 684 254 21 82 706 575 857 51 643 126 642 536 600 319 736 65 44 505 485 177 927 72 187 923 988 100 734 176 191 780 577 32 295 936 806 337 779 816 771 220 291 344 439 41 495 301 236 525 914 872 212 727 667 78 376 690 300 572 946 883 416 437 292 81 149 529 958 349 859 64 794 756 304 530 555 705 864 331 113 506 916 309 177 561 284 493 72 170 305 796 299 210 724 352 459 629 905 134 201 439 76 784 18 343 424 29 528 418 886 26 150 982 709 338 352 169 947 370 625 438 59 167 587 498 206 635 101 842 148 366 909 109 329 959 49 673 953 427 557 381 853 122 317 462 987 286 65 118 7 107 21 566 363 309 528 324 169 621 38 7 985 699 823 537 913 693 496 289 414 412 330 618 604 662 788 823 462 624 284 79 365 469 239 99 927 488 789 114 335 483 631 516 453 636 142 268 554 691 65 502 905 804 552 788 26 109 654 460 43 193 300 964 166 606 721 922 638 740 900 625 944 631 565 244 322 818 28 90 597 518 613 449 100 221 202 115 45 723 587 65 959 778 640 185 439 666 629 183 239 63 181 331 740 581 333 139 589 879 858 808 407 841 400 117 673 155 740 376 621 988 201 315 979 906 969 153 367 150 7 741 18 316 462 169 141 534 106 593 5 608 167 61 564 401 567 97 329 504 551 973 689 912 792 174 657 317 856 83 105 376 964 165 895 395 185 966 631 735 118 947 56 497 869 57 228 130 423 566 986 637 273 831 764 796 956 866 482 988 523 178 194 751 965 985 256 250 909 539 639 825 584 114 865 786 3 144 324 135 393 148 232 570 369 630 539 881 430 420 161 217 771 856 937 916 231 336 880 59 478 732 82 937 328 300 671 371 644 268 656 579 520 673 842 877 559 742 724 585 908 333 933 320 937 2 628 68 522 64 120 933 611 889 498 532 985 540 448 506 125 724 435 689 580 654 90 971 960 122 675 301 967 512 789 145 324 236 153 723 471 182 857 133 501 230 765 493 48 734 819 690 782 556 708 279 835 334 244 701 822 247 148 39 668 297 721 791 221 969 772 711 146 505 302 110 867 340 365 607 760 260 861 752 102 375 340 295 565 713 317 403 552 562 561 210 750 783 820 144 112 844 651 814 885 928 70 7 914 932 624 150 356 751 72 877 135 640 400 383 800 51 560 91 958 662 411 761 694 512 512 132 844 611 749 79 780 153 864 957 286 602 990 949 45 156 472 538 915 332 979 756 909 877 275 239 69 465 845 210 95 909 946 200 251 241 969 878 498 658 781 974 15 337 389 535 360 868 741 468 402 538 711 531 869 942 894 129 765 309 544 789 594 663 778 931 591 916 185 373 458 705 431 670 87 379 221 565 309 856 742 120 254 825 180 384 582 438 796 238 237 507 671 97 979 58 594 81 350 317 910 826 15 640 843 106 206 184 567 180 757 971 610 966 860 748 911 372 25 50 288 124 301 566 49 246 327 691 482 541 786 577 711 287 306 619 209 284 213 371 250 911 184 521 168 156 724 648 715 21 745 505 839 450 669 564 605 433 116 916 442 985 292 915 700 362 34 7 153 226 817 668 583 231 205 831 982 993 543 70 927 884 969 424 716 237 810 617 216 998 693 643 122 198 723 460 935 206 703 583 633 6 526 111 153 10 0 31 145 973 757 33 323 408 670 808 858 452 859 847 697 860 615 123 167 882 449 42 970 572 632 168 292 417 167 163 436 877 205 881 269 226 556 662 309 293 184 591 451 3 762 328 979 307 362 769 437 937 303 463 524 418 203 224 886 11 375 569 378 635 430 907 545 868 913 896 939 27 882 668 698 220 227 984 257 403 644 478 250 106 970 750 664 826 804 181 397 151 180 625 751 113 305 488 954 26 82 461 602 98 400 722 847 818 346 796 936 516 236 568 927 812 560 318 864 979 378 28 532 382 685 539 940 748 531 177 760 602 641 709 627 109 533 653 421 985 817 156 731 428 941 554 96 106 479 454 575 364 830 726 272 951 536 225 407 418 318 800 468 723 463 288 354 673 715 723 171 305 945 489 658 252 913 118 330 659 928 876 962 864 172 141
fill 12345 0 110592 63 0 1 0 0 0 0 0 0 0 0 0 0 0 0 0 0 0 0 0 0 0 0 0 0 0 0 0 0 0 0 0 0 0 0 0 0 0 0 0 0 0 0 0 0 0 0 0 0 0 0 0 0 0 0 0 0 0 0 0 0 0 0 0 0 0
fill 12345 0 512 2000 0 500 410 242 359 413 36 474 114 451 156 122 417 363 223 373 459 29 192 481 7 266 440 231 419 157 141 248 311 25 387 198 411 307 222 277 377 355 277 147 59 252 282 360 436 190 396 417 272 209 11 372 452 491 424 403 234 388 201 267 9 273 140 438 229 35 370 228 119 291 392 486 115 72 414 226 247 401 47 121 47 368 24 167 306 174 211 287 257 276 380 58 96 343 308 376 414 278 249 344 364 441 321 186 383 467 46 381 235 84 406 255 6 59 485 450 489 493 404 21 360 205 116 42 107 362 291 315 128 230 262 252 37 368 22 495 181 383 307 336 169 306 486 101 303 407 424 358 401 41 228 210 198 46 286 447 438 296 26 48 394 171 196 450 311 195 369 191 380 282 9 386 255 167 402 322 490 297 420 157 440 146 427 196 176 62 27 315 105 498 420 80 321 369 262 176 65 207 295 195 315 258 130 403 375 2 119 330 209 411 476 342 470 406 116 479 378 317 192 37 445 317 411 387 40 341 278 397 225 379 197 158 83 458 270 147 304 315 498 358 7 12 272 453 349 452 179 66 340 306 385 411 190 465 425 325 216 230 496 200 411 109 63 379 75 120 490 433 74 481 451 146 137 85 52 141 487 291 411 352 372 50 266 330 236 248 212 16 353 234 458 345 66 126 344 134 459 486 58 152 212 259 223 82 188 165 2 311 166 106 7 108 212 12 433 461 271 102 437 59 201 197 262 436 466 387 103 51 275 57 423 382 160 177 10 22 226 138 73 148 148 439 89 31 325 29 267 229 423 286 236 249 193 455 70 170 67 2 40 361 281 131 238 277 192 124 413 185 469 157 181 21 229 445 248 161 47 435 80 173 18 413 141 144 295 338 468 6 468 45 453 419 58 388 349 269 88 472 358 31 304 165 205 422 429 477 397 140 268 142 270 438 220 398 449 97 114 88 180 93 19 364 86 65 381 40 325 140 339 416 312 308 235 442 107 215 341 330 229 407 471 49 349 353 494 494 267 253 257 38 286 201 290 390 260 379 372 343 49 444 5 174 85 341 323 395 374 58 286 444 76 237 168 180 110 275 227 293 164 158 12 312 126 484 96 413 289 435 468 29 480 158 258 389 435 373 108 72 437 469 319 464 240 447 355 116 97 396 158 65 411 446 477 143 92 464 470 248 400 82 97 280 319 461 386 186 54 102 143 34 39 325 387 281 156 276 441 194 123 409 463 375 121 363 145 289 454 65 105 307 451 366 360 161 241 341 77 160 123 298 247 49 349 316 108 407 88 192 255 323 403 194 87 372 406 134 358 190 490 250 109 75 129 93 396 164 468 325 287 482 363 313 197 247 296 241 68 205 466 29 261 49 223 328 365 379 226 259 261 490 39 202 259 110 24 78 382 498 431 369 313 23 64 265 426 122 243 394 209 341 218 147 268 236 97 272 287 24 143 422 407 165 261 224 465 200 345 353 129 487 63 186 127 59 475 458 423 195 428 134 485 22 483 292 391 353 142 477 352 291 422 162 329 447 55 138 484 224 452 129 262 181 497 398 491 305 304 41 157 402 386 117 36 92 320 125 26 328 177 443 309 68 4 257 277 395 392 277 289 318 322 150 480 429 206 398 293 95 334 310 55 206 484 378 218 214 158 317 104 41 360 464 350 472 210 343 406 361 316 37 268 304 64 154 285 356 95 179 471 285 222 368 306 471 437 361 373 39 289 42 209 96 221 496 167 439 436 373 162 246 400 2 480 39 28 323 157 413 461 168 220 402 236 372 226 491 207 102 141 265 408 105 481 310 143 398 109 66 466 11 154 180 276 26 335 184 442 374 17 482 289 425 237 376 255 412 4 78 490 50 462 162 415 230 311 410 288 231 153 140 97 157 463 194 277 37 70 223 483 138 306 147 176 408 310 276 456 121 474 95 346 490 453 237 218 232 309 440 206 471 53 475 150 419 195 446 480 298 205 132 332 477 411 247 104 91 337 187 445 277 232 377 86 480 395 331 458 374 342 54 87 423 367 0 27 25 183 151 298 348 330 176 488 478 298 283 156 136 101 200 175 23 452 456 155 485 387 143 415 178 254 194 456 43 475 79 99 163 338 269 154 460 73 349 283 446 467 222 169 484 126 197 372 84 129 348 133 353 218 464 87 339 7 429 75 249 337 376 141 365 118 469 2 259 207 206 206 282 0 82 417 329 251 95 5 229 171 319 208 255 361 417 412 489 81 381 407 272 0 130 364 217 90 435 3 287 10 365 345 197 205 358 240 164 426 160 150 369 403 431 150 117 453 388 180 36 74 465 282 173 498 444 321 402 55 303 411 216 449 58 142 440 12 203 54 496 316 403 31 0 327 79 175 102 240 235 291 199 385 256 298 475 206 241 251 277 228 430 101 40 325 141 181 344 123 266 99 337 439 390 145 424 80 288 1 194 256 113 328 468 372 129 318 17 430 195 451 73 10 389 494 261 438 65 32 388 115 5 405 447 261 139 108 282 248 485 4 223 373 218 343 421 342 247 252 419 8 468 242 106 79 141 16 96 223 327 318 202 365 495 82 239 4 275 432 47 160 111 306 427 291 392 352 60 408 366 229 35 419 102 246 232 380 178 309 154 348 115 402 144 15 128 52 441 251 433 329 454 68 378 467 240 345 324 319 409 409 369 255 473 8 499 305 363 91 12 345 139 202 436 266 334 123 327 303 311 353 112 309 387 337 63 411 159 447 297 372 373 226 387 402 328 444 393 300 141 72 471 312 284 88 412 477 44 383 316 195 354 308 225 346 175 53 451 152 294 228 238 414 361 165 148 448 119 266 466 390 276 57 123 53 95 53 276 99 88 446 19 223 444 283 471 466 55 82 231 313 261 175 189 83 123 195 471 251 310 266 139 214 295 2 486 138 471 331 305 67 418 362 270 457 272 75 484 417 462 357 307 144 319 21 27 100 359 6 408 48 4 232 114 321 270 26 382 333 133 349 235 435 217 167 258 288 47 102 226 249 96 22 331 145 296 274 176 355 289 453 410 296 25 242 326 465 482 492 88 160 193 39 451 442 131 229 304 223 146 439 181 29 40 477 144 27 215 33 241 40 132 421 394 317 481 385 21 371 194 441 396 399 149 459 127 348 72 81 151 24 195 188 375 341 85 301 72 269 8 229 84 100 109 288 202 359 187 171 236 45 222 147 217 362 222 376 119 294 298 301 471 26 390 414 68 408 198 98 120 38 200 321 364 108 448 200 52 499 149 97 429 133 233 119 155 214 181 95 410 374 104 297 138 316 321 277 96 229 361 368 20 402 56 493 412 499 0 305 67 377 175 249 401 24 442 425 408 195 174 444 220 174 225 460 337 450 121 357 55 0 345 17 31 91 98 12 400 342 454 302 380 431 252 165 433 433 245 212 354 182 388 262 176 26 282 416 13 155 415 453 116 352 244 247 473 291 422 13 222 90 272 439 280 263 154 105 95 370 315 219 223 443 272 325 284 286 452 55 184 329 255 268 372 97 306 191 102 345 277 365 489 272 357 292 205 311 50 12 400 109 161 115 348 274 27 144 85 230 252 47 51 297 259 77 356 152 114 109 384 281 47 105 9 284 107 131 462 458 458 317 494 380 262 189 49 90 435 104 222 67 352 379 33 463 233 35 366 168 153 399 244 383 483 355 172 486 102 202 77 370 1 429 200 226 218 306 166 461 30 446 68 257 79 499 351 28 430 56 71 24 251 430 236 332 456 362 465 40 37 215 89 211 188 401 235 63 450 229 174 78 53 460 306 159 229 171 128 253 493 286 380 280 374 416 338 148 93 69 119 356 474 164 172 267 43 440 114 228 401 45 459 92 131 216 196 444 79 336 403 5 357 386 72 191 333 49 187 139 85 451 186 358 162 139 335 30 255 126 491 409 34 133 47 314 36 80 293 246 413 431 337 434 269 329 93 243 34 129 459 30 175 176 394 256 182 43 48 239 55 362 141 362 99 471 369 273 15 274 396 301 373 32 180 253 385 100 338 83 443 220 473 346 120 420 306 368 255 372 249 68 16 254 118 401 140 52 488 319 216 88 479 352 50 35 21 90 4 204 96 238 192 230 248 121 98 470 63 96 468 324 212 369 178 63 53 188 92 72 310 423 321 331 376 262 384 127 356 447 378 52 251 59 233 279 283 482 292 490 387 337 97 177 98 433 420 408 218 39 476 305 248 199 94 60 16 197 43 364 115 227 50 366 477 475 63 263 480 418 350 195 51 446 453 364 263 130 369 402 215 83 441 93 213 316 36 351 60 150 311 336 420 293 406 174 190 36 410 234 369 327 144 366 458 198 260 346 85 344 287 181 126 352 123 338 389 265 227 79 425 472 402 443 212 213 245 428 269 335 408 298 398 497 164 239 459 338 193 160 462 429 218 139 459 152 136 435 400 126 407 283 474 367 79 375 439 90 83 438 264 276 292 318 307 75 185 2 275 165 375 270 176 352 172 139 168 308 198 182 209 443 55 75 174 336 28 172 143 127 461 256 135 348 225 295 197
fill 12345 0 64 301 0 3 2 1 2 2 0 2 0 2 0 0 2 2 1 2 2 0 1 2 0 1 2 1 2 0 0 1 1 0 2 1 2 1 1 1 2 2 1 0 0 1 1 2 2 1 2 2 1 1 0 2 2 2 2 2 1 2 1 1 0 1 0 2 1 0 0 2 2 1 2 0 0 1 1 2 2 1 0 0 0 0 0 1 2 1 0 1 2 1 0 2 2 2 0 2 0 1 2 0 0 1 2 2 2 0 1 2 0 0 0 1 1 0 2 1 0 2 0 1 1 1 2 1 0 2 2 0 2 1 2 1 2 0 0 2 0 1 0 2 1 2 0 0 1 0 1 0 1 1 1 1 2 1 1 2 1 1 1 1 1 2 0 0 1 0 1 2 0 1 0 2 2 2 0 2 0 1 0 1 1 0 1 2 2 0 1 0 2 1 2 0 0 2 2 1 1 1 1 2 0 1 1 1 1 2 0 1 1 0 2 1 2 2 1 2 1 1 1 0 0 2 0 0 0 2 1 0 0 0 1 1 0 0 1 1 0 2 0 0 0 2 1 0 0 0 1 0 0 2 2 2 1 2 2 1 1 0 0 1 0 0 0 2 2 1 1 2 1 1 2 1 0 2 2 0 0 2 1 2 1 1 0 0 1 1 0 1 0 0 2 2 2 1 0 0 0 2 2 0 1 2 2
fill 12345 0 7 53 0 2 1 0 1 1 0 1 0 0 1 1 0 1 0 0 1 0 1 0 0 1 0 1 1 1 1 1 1 0 0 1 0 0 0 1 1 0 1 1 1 0 1 0 1 0 0 0 1 0 1 1 1 1 0
fill 12345 0 512 300 -2 2147483647 398456102 1328604131 1543755894 518640866 157647141 353068215 53400395 872824720 672392965 1981428165 1429848110 1563135653 960974862 1605979190 615353722 1737563276 1864742331 2069394188 806691376 1146464292 673029379 992539359 1800581745 676014439 607747622 1068910523 53111714 2126789621 523882683 851926049 979581281 1241425437 956627928 282655636 1623473671 1525225732 1191995202 1576107179 254415797 1086324725 1212972340 1466517065 1876688766 747054434 529875501 1793992455 346480249 901378003 50826864 1599052717 466173481 2112123808 382108422 1731672672 1007923112 1985671165 865534796 833611459 41551147 1173783840 604378846 316303928 986693577 152822084 1591741678 1077054219 468211950 322730387 140402972 2087404799 758339331 704774879 1781661245 973439785 1060857096 2071727700 205568655 522752686 201957565 1582296864 104255091 718565545 1315065982 749273228 2090205554 126658442 1122895922 211479795 959742835 252561642 414356535 861589106 974176489 1615564276 514225784 608759963 170442536 413209079 1114202926 1408056932 1379021421 869676989 720424967 1436112565 1852434164 1325247720 1010375677 1183197764 1744904086 202091825 1848220979 526207424 1318225978 1933637914 898594056 1684901970 1736180369 92306408 1546563961 2015370677 500863634 1172493188 1723924400 440812479 1250652796 1355717039 553578034 990662963 1127781319 227902340 161899304 1584331468 1429792576 2127959035 781102711 1647098725 270964455 1894200563 545705066 254279499 2091501836 72464382 1303771316 1748537170 1823702537 1540049485 1724839634 177349649 1532427888 1258119363 1682293344 201403931 1232080684 2048982613 1885135056 1273133656 114954507 698953147 394758981 1973032799 843292430 594759240 2082739779 838557342 1587575009 820964723 1634467965 1212906748 2137045717 1535717741 1098094869 1313987953 1728515336 1386197327 675909062 1275800557 1767123026 677409800 1923958102 397051287 1376959214 845364412 757602851 1662574842 116186865 1096551429 452995637 2141620227 18018043 1107084629 1382861009 921439106 1127561865 156232997 279389382 1261443139 1268390608 840062371 1851703198 1844674258 279750043 1710303386 1416034353 10347968 1438718949 1418418620 239740207 1767617860 654948557 1264050478 939358292 919587285 1101363374 2060305843 1467153972 176546599 1926698702 160141235 1911276216 1365322785 1769393107 1662913171 1747113422 1464911810 1197394816 159043386 969803759 1189297797 276084972 681929323 359259790 1970530222 1161268962 634389527 2026438357 1354383989 2139688975 1583719325 1318532972 992352666 1168392384 260010189 1501353623 168357092 769265152 285581254 899761230 1072038358 1283447995 2131212428 819319685 1886874951 1725124280 1605534491 696892593 991459514 2133319105 929397334 2062334384 468577727 272740030 1630490773 152988187 1775835537 1982178926 1859781208 321934522 2079174856 1940253443 1602016070 590260695 365155123 621209169 923406400 92614481 1254077156 1768998750 1543466701 1599410383 911046934 206520406 219095975 1015743275 286309118 1380523837 68935013 1630845489 434097956 1818051857 571711019 1440433857 793423703 1868414283 576992741 74452493 2090703627 252669793 365389850 1018722318 1113446421
fill 12345 110592 256 300 0 7 6 5 6 0 5 2 0 1 1 5 5 3 3 5 4 4 1 5 0 2 6 1 3 6 4 0 6 4 0 6 5 0 4 2 0 4 0 0 3 4 0 3 6 6 3 4 6 5 3 4 1 4 1 5 6 5 0 2 3 3 1 1 4 1 0 1 0 1 3 5 4 3 4 2 1 3 0 1 1 0 5 0 6 3 0 3 5 0 5 5 6 0 1 0 5 2 5 0 6 1 2 6 0 6 3 0 4 1 5 0 5 0 0 1 0 6 1 3 6 1 2 4 6 2 2 0 6 1 4 2 2 4 6 3 5 6 1 6 1 5 2 1 3 0 2 3 4 1 6 4 6 4 0 2 4 6 1 5 6 2 5 0 3 4 6 2 6 3 3 2 6 2 1 1 2 5 2 3 3 1 3 0 4 5 2 5 1 0 6 5 6 0 6 6 6 5 2 2 3 6 6 5 6 1 6 0 4 0 4 2 2 6 3 5 2 6 4 5 1 2 0 3 0 0 0 6 2 1 0 5 6 4 4 3 0 5 0 0 6 6 4 2 3 0 4 3 2 4 1 5 4 2 2 0 4 4 0 6 6 4 6 4 0 2 1 5 5 2 5 1 5 2 2 3 1 5 2 0 4 6 3 5 3 5 5 6 0 6 1 2 5 5 0 5 0 1 5 1 6 0
section e2e
e2e 0 0 1000 200 110592 2615243109 981 697 154 244 677 633 25 386 741 114 928 447 27 248 368 962 196 754 48 96 209 921 222 11 217 22 836 155 519 23 225 475 813 28 126 161 481 641 423 769 291 430 177 563 240 21 507 825 926 845 477 475 885 323 243 767 102 702 608 11 598 464 808 158 691 803 873 184 404 34 357 163 169 752 704 330 567 756 11 364 749 175 762 602 729 458 306 950 213 154 441 110 535 753 384 418 399 506 852 376 454 825 835 956 556 463 484 825 902 765 314 10 134 331 857 708 96 191 227 536 433 49 548 361 334 287 156 398 121 575 481 768 507 389 341 605 945 423 47 906 751 415 166 707 592 828 144 889 216 281 402 27 535 356 669 175 242 479 831 455 516 268 992 1 926 264 429 84 677 569 16 367 244 904 203 934 477 732 905 388 205 294 317 289 619 714 614 50 663 545 551 938 57 498 875 289 561 936 154 522
e2e 0 1 1000 200 110592 1270166100 758 315 184 4 871 899 933 198 568 686 384 813 796 45 220 768 252 82 83 458 128 367 78 967 374 662 656 689 276 976 331 886 163 800 825 701 32 312 768 960 928 199 753 356 112 704 573 682 811 448 673 482 182 326 97 152 767 98 673 3 395 707 685 326 617 860 558 691 844 974 681 735 95 521 446 291 117 706 911 197 376 948 971 291 25 490 680 516 193 311 142 157 522 901 820 155 677 457 224 418 173 517 491 511 861 410 52 395 323 760 164 574 351 586 411 739 335 400 524 957 635 100 948 491 757 636 408 791 476 161 979 183 759 702 514 625 365 81 520 328 790 901 333 363 381 306 46 298 639 14 149 134 6 365 11 116 674 458 140 420 92 980 798 27 996 551 12 425 236 206 668 296 15 325 520 361 528 706 565 849 936 963 463 23 415 81 514 478 750 862 918 42 434 549 709 648 638 749 693 646
e2e 0 2 1000 200 110592 1010429831 422 658 406 230 813 943 474 43 610 718 133 775 775 25 492 859 62 820 493 461 190 640 582 335 69 732 804 624 487 49 73 843 542 487 189 88 667 490 504 362 52 808 227 36 178 944 102 734 119 848 761 733 829 758 171 354 920 570 866 598 734 952 414 902 564 828 241 557 621 208 975 290 529 369 39 715 981 58 389 614 802 345 568 44 940 659 634 442 460 439 182 607 588 881 727 643 215 919 552 818 830 424 914 540 350 77 341 999 443 890 771 805 830 530 813 376 748 594 482 46 69 943 497 773 388 787 349 175 654 159 679 782 673 492 673 269 47 297 610 890 21 813 73 532 236 489 613 360 340 70 909 303 222 956 46 244 616 329 222 401 868 267 46 685 108 968 741 895 257 141 458 346 693 65 896 442 248 249 398 59 0 974 661 533 284 552 37 482 824 136 393 762 367 65 333 291 145 205 119 401
e2e 12345 0 464809 200 110592 3687543404 323064 395260 222111 174495 272113 161465 209282 25744 45836 96334 215485 48597 177351 334162 278719 103071 381834 371956 163212 5266 196315 84320 293220 77498 141263 169568 416298 394025 137042 399923 248442 395451 396799 72830 326471 24792 48181 47387 379832 332629 264625 131222 69057 385239 353231 129433 67971 41798 87750 102252 425170 14919 275840 347320 56310 378656 142699 82165 313359 7594 104813 74769 82866 446774 17657 61321 139202 169598 374412 124024 133674 451287 81686 136679 153312 364573 133643 430263 416 183339 321000 75920 189142 413743 454434 201096 377783 253883 334058 327005 78146 44801 129323 435637 28163 20942 343794 323737 19899 408046 356080 221285 58734 327164 147548 422266 178286 139002 338115 30812 404633 447511 119688 182974 344495 178004 56739 418374 28990 406482 57126 365325 360898 203790 229581 384155 195695 155946 425952 15196 341488 196293 461536 265559 93192 244542 224629 227548 244892 444562 224019 59168 217747 42494 90687 3201 129424 63424 157298 312539 317966 137744 135834 119451 321934 429616 446136 340803 441541 363755 210052 295105 125914 316616 328387 289221 378864 428797 95625 131074 307533 357225 305433 209042 401221 274708 25393 271905 98645 293411 277522 373998 416817 37447 354329 232750 172459 102777 160663 157705 55293 359355 126124 176865 46385 54926 93410 322816 251546 348613
e2e 12345 7 464809 200 110592 2342466395 98930 4685 72122 184606 247431 231737 251189 422633 196134 85272 277216 436447 144731 176355 15861 201981 266692 105085 374244 49078 403997 5456 289595 123546 378122 165820 399130 399837 213275 105326 272306 382135 456424 226767 132739 84881 106667 183751 87627 86855 90932 428656 275482 133929 295238 198876 228342 454096 368823 60632 77808 94532 344468 393912 104936 371041 113328 272867 125348 291058 266926 380757 376835 59149 104520 93851 416511 415554 130598 114806 108082 146476 463938 261266 132333 361791 315817 218650 156473 294259 158068 452729 188454 391004 308874 182435 372093 21415 440725 221005 136010 128189 144938 252548 259388 154840 357285 140355 84630 92276 303571 217214 32859 183845 10786 304032 287827 325078 55342 171482 56807 95928 428374 176503 231092 421521 252840 420183 224871 369005 265244 209769 371370 105538 354589 452036 12317 224541 209593 279197 154122 50052 51434 313736 163983 33491 416546 78135 106108 384246 142046 98338 96514 436563 216686 388189 444500 343976 366875 261732 332323 104535 171593 272373 173227 448750 206856 43700 429349 103011 137354 453268 37631 138336 351457 288435 94512 164637 421273 159221 78706 313958 448314 187796 290928 449111 122928 346797 370952 167986 104104 137833 360999 371377 180889 146050 125507 449661 34731 26162 73942 92129 396515 268196 420279 150661 6189 57881 452582 54969
e2e 16045690984503098046 3 581012 200 110592 3945534662 78291 291309 279434 483277 390865 243231 2875 494729 441483 406997 337243 163381 430612 5203 221460 74332 536473 373513 203154 442552 527099 578184 234673 475591 349464 78861 527566 451410 533736 144582 316173 391680 363758 371442 84658 59196 406067 299665 362928 11295 347531 185399 429275 309414 447879 116727 357005 188715 370354 392040 295295 317112 287776 108892 314359 6710 516084 21319 313623 279054 493258 560242 72648 327097 523680 350938 82479 570952 349121 519150 360923 198963 84598 467664 365716 60701 266160 373094 516910 298005 167113 329730 187225 269917 42262 577619 336218 548936 372001 240406 372221 172398 72569 158194 27526 432013 353698 379250 132122 557383 93897 456920 307199 492416 101499 288572 192806 187866 374178 282624 454092 35803 211610 211239 202515 6358 434789 120994 91027 146163 341619 47021 81039 294399 10554 36282 379458 489965 418267 28397 381023 146979 565502 51541 468402 540991 66900 128511 225299 77235 31602 578570 141941 573839 110451 423850 31618 211454 63636 458740 420458 272390 161052 363674 415390 535362 499969 79067 206870 138002 543874 286195 207445 572541 53585 298037 425476 437442 58823 264986 349806 11782 525145 31481 509553 274477 410147 552467 29934 285236 543582 48926 192675 205633 171921 287499 325387 391245 502907 513312 299236 23131 95225 17641 491619 493375 414840 40986 16000 26386
e2e 4294967296 3 581012 64 110592 3960320118 506067 7429 58701 265953 514239 19251 165593 350952 512073 39622 196062 37797 579202 473136 407525 452884 172939 238209 102953 149456 578445 455904 569785 88002 314326 44382 255411 130860 101689 71606 277810 87650 129835 168010 499160 552555 174329 70394 155691 279710 200609 90071 374676 217854 312641 27730 254059 44917 825 524122 302880 412792 540595 131751 250078 450191 36773 514535 121157 323677 302727 308175 450192 525010
e2e 0 3 581012 64 110592 3960320118 506067 7429 58701 265953 514239 19251 165593 350952 512073 39622 196062 37797 579202 473136 407525 452884 172939 238209 102953 149456 578445 455904 569785 88002 314326 44382 255411 130860 101689 71606 277810 87650 129835 168010 499160 552555 174329 70394 155691 279710 200609 90071 374676 217854 312641 27730 254059 44917 825 524122 302880 412792 540595 131751 250078 450191 36773 514535 121157 323677 302727 308175 450192 525010
e2e 12345 0 1 32 110592 3687543404 0 0 0 0 0 0 0 0 0 0 0 0 0 0 0 0 0 0 0 0 0 0 0 0 0 0 0 0 0 0 0 0
e2e 12345 0 2 32 110592 3687543404 1 1 0 0 1 0 0 0 0 0 0 0 0 1 1 0 1 1 0 0 0 0 1 0 0 0 1 1 0 1 1 1
e2e 12345 0 1000 700 256 3687543404 695 850 477 375 585 347 450 55 98 207 463 104 381 718 599 221 821 800 351 11 422 181 630 166 303 364 895 847 294 860 534 850 853 156 702 53 103 101 817 715 569 282 148 828 759 278 146 89 188 219 914 32 593 747 121 814 307 176 674 16 225 160 178 961 37 131 299 364 805 266 287 970 175 294 329 784 287 925 0 394 690 163 406 890 977 432 812 546 718 703 168 96 278 937 60 45 739 696 42 877 766 476 126 703 317 908 383 299 727 66 870 962 257 393 741 382 122 900 62 874 122 785 776 438 493 826 421 335 916 32 734 422 992 571 200 526 483 489 526 956 481 127 468 91 195 6 278 136 338 672 684 296 292 256 692 924 959 733 949 782 451 634 270 681 706 622 815 922 205 281 661 768 657 449 863 591 54 584 212 631 597 804 896 80 762 500 371 221 345 339 118 773 271 380 99 118 200 694 541 750 720 873 884 555 919 946 473 943 812 630 807 235 348 469 57 282 603 996 837 528 641 128 863 522 319 251 905 734 162 936 456 569 730 702 917 841 657 623 728 230 918 753 93 42 274 573 543 522 152 908 540 147 489 476 177 763 202 454 508 593 414 249 900 970 183 118 163 248 855 149 161 868 243 71 889 179 179 475 234 672 840 37 478 729 646 891 586 59 576 325 252 988 136 160 27 225 808 464 538 170 33 664 619 303 642 376 21 269 509 856 287 773 682 22 746 416 292 45 597 544 243 239 708 411 673 601 964 449 966 555 304 365 707 798 109 973 605 48 414 348 859 19 18 633 131 770 450 369 144 103 154 952 910 713 838 900 216 280 342 252 574 592 194 507 409 493 457 384 546 439 376 944 321 831 7 604 365 662 607 670 491 654 251 973 616 503 357 252 0 295 819 738 180 626 695 378 985 796 506 462 108 898 581 926 130 72 356 22 442 652 233 382 755 221 500 809 736 452 222 836 3 445 867 621 101 632 639 655 986 747 777 933 733 56 208 854 102 557 118 631 889 393 316 574 436 920 47 785 27 278 496 628 883 902 654 352 95 807 134 78 574 769 136 808 848 182 848 238 539 985 63 381 382 124 714 875 62 727 104 545 734 698 157 571 207 389 539 171 225 928 434 542 688 686 327 779 193 112 179 951 164 771 724 914 265 254 403 785 758 977 376 262 358 142 154 239 564 619 423 211 156 378 988 725 457 136 744 741 692 846 803 912 993 588 685 235 3 36 519 600 665 614 388 614 46 630 878 368 619 935 309 7 870 66 369 52 903 142 151 477 533 447 887 905 336 733 669 310 100 412 456 961 235 91 786 506 162 90 982 305 928 168 806 723 178 39 838 440 939 707 381 276 208 194 807 776 941 31 458 256 457 933 322 299 327 284 105 329 950 861 93 193 44 214 417 879 691 336 965 748 587 968 661 182 456 897 363 303 753 837 581 522 451 209 912 574 297 280 16 262 456 770 264 148 569 773 736 812 417 627 219 380 873 840 122 542 919 189 336 318 651 635 632 897 131 339 489 543 515 469 529 747 570 153 862 34 512 233 841 509 149 902 362 559 612 684 632 710 631 58 700 598 700 540 677 440 608 106 433 245
end
