# cuda::shuffle_iterator reference, CCCL 3.4.3 (9d65c77f9763cfec20452e4071128d3f0bd2625b)
# the CCCL that rapids-cmake v26.08.00 versions.json pins for cuML v26.08.00
# generated by ensemble/tools/shuffle_oracle/oracle.cpp -- do not hand-edit
section lcg
lcg 0 48271 182605794 1291394886 1914720637 2078669041 407355683 1105902161 854716505
lcg 1 48271 182605794 1291394886 1914720637 2078669041 407355683 1105902161 854716505
lcg 2 96542 365211588 435306125 1681957627 2009854435 814711366 64320675 1709433010
lcg 12345 595905495 1558181227 1498755989 2021244883 887213142 1546689008 808633566 888096514
lcg 2147483647 48271 182605794 1291394886 1914720637 2078669041 407355683 1105902161 854716505
lcg 2147483648 48271 182605794 1291394886 1914720637 2078669041 407355683 1105902161 854716505
lcg 4294967295 48271 182605794 1291394886 1914720637 2078669041 407355683 1105902161 854716505
lcg 3735928559 2068214664 422780561 503362590 1185599732 1792954469 1966715352 1507173463 319239407
section keys
keys 12345 3419862378 865386450 3428162031 3302835969 1880599072 3239823036 3525689646 2150307159 2640746781 3420159922 1662437155 499370203 4121519377 3302625842 1064573487 1858143537 862016801 3364359667 2736666435 3623610459 4257819741 4269508998 1829603538 4139685455
keys 42 4017449750 563371686 3618746308 2438885033 805861620 2814378060 472250051 3352393874 2866615388 1100197917 3648193018 399272544 4169053679 696858923 1178812537 3724023512 1836675904 2470425446 4207129975 538294892 3736388589 1462138092 3090388293 549456295
keys 1 3163445217 524636540 4176527650 3125866584 3905055358 1294130030 2158682444 4272475138 2317938225 2173627342 1927533920 3179509334 2042135635 1345947507 2073208346 3565425363 2191131325 1899473110 3372464940 12718240 2543142837 137008400 1607442950 933418383
keys 3735928559 1938235024 3021852915 1348776407 2757113070 830941673 3128078529 2042785870 4083040015 2510554650 1414803220 82480108 1872804647 2484980709 2274083478 3523955523 1642072966 3339480582 133198932 2812662353 251950516 4180430266 1268809953 1845307120 253514115
section perm
perm 1 12345 0 1 0
perm 2 12345 0 2 0 1
perm 3 12345 0 3 0 2 1
perm 4 3735928559 0 4 2 0 1 3
perm 5 12345 0 5 4 3 1 2 0
perm 7 12345 0 7 5 3 6 2 0 4 1
perm 8 12345 0 8 5 3 7 2 0 4 1 6
perm 9 12345 0 9 5 3 7 2 0 4 8 6 1
perm 10 12345 0 10 5 9 7 2 0 4 8 6 1 3
perm 10 12345 3 7 2 0 4 8 6 1 3
perm 16 12345 0 16 11 10 7 2 0 4 8 6 1 13 12 15 14 3 9 5
perm 17 12345 0 17 11 10 7 2 0 4 8 6 16 13 12 15 14 3 9 5 1
perm 31 7 0 31 12 27 26 16 2 1 4 10 13 3 30 28 25 29 6 15 22 17 8 11 21 5 0 7 23 18 19 9 24 14 20
perm 32 7 0 32 12 27 26 16 2 1 4 10 13 3 30 28 25 29 6 15 22 17 8 11 21 31 0 7 23 18 19 9 24 14 20 5
perm 33 7 0 33 12 27 26 16 2 1 4 10 13 3 30 28 25 29 6 15 22 17 8 11 21 31 0 7 23 18 32 9 24 14 20 5 19
perm 54 987654321 0 54 6 34 2 46 18 38 16 19 42 13 1 27 12 10 41 40 26 52 45 28 4 23 36 37 17 15 24 25 32 47 3 44 53 29 7 0 8 11 30 20 35 49 51 14 21 9 50 5 33 43 39 31 22 48
perm 54 987654321 20 34 4 23 36 37 17 15 24 25 32 47 3 44 53 29 7 0 8 11 30 20 35 49 51 14 21 9 50 5 33 43 39 31 22 48
perm 64 7 0 64 12 27 26 51 61 52 4 45 49 3 30 42 41 29 59 57 53 17 39 11 21 38 0 37 23 62 32 55 24 14 20 5 58 56 13 33 40 7 31 8 35 25 28 16 9 10 34 44 50 36 60 43 1 54 22 47 46 15 19 6 63 2 48 18
perm 100 42 0 100 50 48 77 19 38 2 66 83 44 70 90 36 78 5 10 99 55 57 27 22 74 92 97 68 6 80 39 89 87 20 30 98 33 12 15 1 85 29 3 13 60 82 37 47 28 16 67 56 96 34 76 18 52 4 17 81 95 14 35 51 8 31 79 58 63 26 49 88 64 23 46 32 94 86 24 91 7 71 59 21 62 25 11 45 40 93 53 84 75 69 54 65 0 42 9 61 72 43 41 73
perm 100 42 10 90 90 36 78 5 10 99 55 57 27 22 74 92 97 68 6 80 39 89 87 20 30 98 33 12 15 1 85 29 3 13 60 82 37 47 28 16 67 56 96 34 76 18 52 4 17 81 95 14 35 51 8 31 79 58 63 26 49 88 64 23 46 32 94 86 24 91 7 71 59 21 62 25 11 45 40 93 53 84 75 69 54 65 0 42 9 61 72 43 41 73
perm 255 1 0 32 107 208 131 145 227 78 146 88 37 203 101 95 195 132 170 121 52 93 186 4 142 87 16 114 152 233 104 163 171 14 49 67
perm 256 1 0 32 107 208 131 145 227 78 146 88 37 203 101 95 195 132 170 121 52 93 186 4 142 87 16 114 152 233 104 163 171 14 49 67
perm 257 12345 0 32 31 133 226 205 140 213 209 23 82 62 184 180 79 78 168 115 54 111 48 190 229 75 163 130 237 210 99 55 177 60 142 171
perm 300 99 0 32 19 62 32 90 197 213 13 254 260 176 59 256 142 226 282 58 50 285 169 253 276 195 229 53 244 119 8 227 228 11 135 225
perm 1000 12345 0 32 478 958 1 490 777 246 362 172 104 428 61 497 954 622 771 122 730 307 690 928 342 345 129 694 982 389 9 710 383 851 635 250
perm 1000 12345 100 32 555 116 346 949 860 632 634 332 297 105 681 986 470 426 550 709 944 786 84 848 59 899 649 962 58 810 591 865 413 737 833 225
perm 1024 12345 0 32 478 958 1 490 777 246 362 172 104 428 61 497 1007 622 771 122 730 307 690 928 342 345 129 694 982 389 9 710 383 851 635 250
perm 1025 12345 0 32 8 855 376 352 401 859 16 193 894 400 375 323 825 432 971 298 440 438 748 802 276 356 560 854 952 634 662 912 140 228 248 720
perm 4096 5 0 32 3905 3359 485 2730 182 3175 3589 3268 2422 3314 1385 2942 1312 3614 1735 1764 2075 552 1464 1084 2491 2545 165 1213 1751 478 3822 3659 2975 1944 617 2348
perm 100000 31337 0 32 66701 33136 32075 4031 28967 74522 41764 98992 84554 52216 11580 8371 39268 78327 81899 99360 92820 55797 13209 99759 20332 65373 58211 72914 39265 14196 33964 56748 40642 55704 99092 79211
section e2e
e2e 0 0 0 10 3 0 1768495365 3 8 2 9
e2e 0 0 0 10 3 1 1768495365 3 3 6 4
e2e 0 0 0 10 3 2 1768495365 3 5 7 0
e2e 0 0 0 10 3 3 1768495365 1 1
e2e 12345 2 7 54 8 0 2508281561 8 15 25 20 38 53 7 41 3
e2e 12345 2 7 54 8 1 2508281561 8 16 4 44 11 32 51 8 30
e2e 12345 2 7 54 8 6 2508281561 6 36 19 40 9 42 50
e2e 16045690984503098046 5 123 64 8 0 2418782149 8 40 23 19 8 25 14 63 42
e2e 16045690984503098046 5 123 64 8 7 2418782149 8 15 46 43 54 22 56 30 20
e2e 1 0 4095 100 10 0 2503375354 10 35 81 43 48 50 85 74 6 32 19
e2e 1 3 4095 100 10 0 1260103805 10 58 12 50 0 18 94 56 84 10 47
e2e 1 0 4096 100 10 0 595118964 10 59 61 98 23 92 57 97 25 48 68
end
