1,6c1,6
<    28           5              0.903076171875      0.180615234375      0.8928571428571429
<    28           6              1.290283203125      0.21504720052083334      1.2857142857142858
<    28           14              7.0228271484375      0.5016305106026786      7.0
<    54           7              0.9024658203125      0.12892368861607142      0.9074074074074074
<    100           10              1.0037841796875      0.10037841796875      1.0
<    784           28              0.9991455078125      0.03568376813616071      1.0
---
>    28           5              5.0      1.0      0.8928571428571429
>    28           6              6.0      1.0      1.2857142857142858
>    28           14              14.0      1.0      7.0
>    54           7              7.0      1.0      0.9074074074074074
>    100           10              10.0      1.0      1.0
>    784           28              28.0      1.0      1.0
