columns 6
column 0 2048
189
60
37
205
68
72
129
209
234
156
37
164
216
197
235
84
204
206
110
9
235
144
226
76
78
229
52
184
82
108
234
175
8
241
170
168
50
233
42
154
36
16
104
9
231
132
157
232
10
180
242
187
205
153
251
28
109
144
88
63
163
128
1
116
210
57
147
155
101
101
128
95
94
174
86
206
248
103
127
6
213
174
186
170
238
210
7
234
74
73
152
107
243
126
63
252
180
11
187
100
213
204
45
112
76
133
26
85
126
148
138
154
120
19
192
124
135
117
226
214
128
142
124
160
82
23
190
94
9
244
17
44
110
235
54
184
228
136
103
108
43
103
88
35
60
2
204
41
237
238
174
123
184
51
145
16
179
185
103
10
178
108
168
13
116
181
89
228
7
142
172
42
240
141
62
198
160
196
219
200
185
0
134
237
100
249
152
66
147
125
237
75
81
67
149
108
142
71
176
141
7
41
241
57
96
109
98
236
236
158
244
147
46
198
255
101
83
77
130
213
186
233
116
238
43
161
120
30
246
143
173
96
208
46
133
128
17
14
96
3
229
132
177
166
89
112
3
217
85
212
136
80
20
59
148
184
224
68
213
153
129
68
232
76
144
161
209
38
145
252
221
98
88
169
174
226
184
193
159
219
2
154
232
208
104
248
220
204
61
121
105
247
58
231
247
168
114
66
194
201
62
153
231
119
51
195
206
23
185
63
48
40
212
32
228
249
182
118
136
50
251
22
19
236
52
97
150
62
95
223
242
153
0
216
20
10
103
177
45
74
187
196
35
11
115
12
106
98
240
122
218
129
165
156
102
147
127
57
90
103
26
238
230
50
182
176
106
209
92
255
62
226
154
231
223
88
77
111
1
178
105
90
55
73
16
42
36
56
72
224
245
42
30
179
173
58
147
30
79
72
181
133
81
84
190
252
139
54
90
155
126
60
217
38
78
246
100
221
228
120
42
131
167
187
141
247
105
216
18
137
197
83
231
150
182
206
29
185
29
135
11
201
158
227
151
79
41
56
85
1
218
44
33
217
153
255
209
243
237
9
35
36
253
47
34
118
57
202
114
64
143
113
117
50
43
130
203
71
210
75
111
113
232
89
12
244
26
39
183
197
188
71
139
26
212
8
118
94
92
164
226
195
122
228
76
239
111
211
218
249
248
64
92
133
165
194
153
159
102
136
21
227
92
231
108
79
171
61
125
34
194
76
110
23
34
4
173
191
197
3
175
164
227
96
168
134
192
84
239
175
193
167
123
217
144
198
199
58
37
182
79
191
153
244
133
140
79
184
200
238
31
164
9
238
190
217
14
39
249
217
70
196
245
157
117
221
125
22
218
131
219
189
52
210
88
121
0
115
177
93
254
210
211
34
104
66
19
183
62
61
104
59
170
231
159
196
44
154
134
176
144
26
16
214
28
172
32
12
160
45
150
146
138
44
244
15
227
15
130
91
0
98
199
155
107
56
22
96
79
2
206
174
182
28
177
197
71
88
94
89
168
106
92
159
59
195
90
200
60
189
163
161
132
188
120
45
206
131
31
33
86
31
63
162
146
113
172
8
38
142
143
47
211
216
28
147
168
135
194
92
251
68
53
205
17
116
73
11
253
122
126
158
175
249
221
115
97
40
152
119
171
40
166
112
214
140
35
131
116
65
39
119
195
93
212
69
69
182
213
191
128
232
253
129
25
84
23
55
206
151
250
186
61
165
21
193
223
141
222
199
133
7
130
222
200
224
132
81
254
21
189
21
15
181
127
16
163
87
185
13
154
218
64
159
75
110
48
173
83
253
103
90
99
108
76
246
95
166
23
254
225
15
91
182
147
88
11
201
245
208
176
45
122
43
245
24
93
185
53
12
251
64
214
141
250
138
112
20
7
125
37
230
175
165
52
193
151
233
131
81
20
106
223
181
13
89
115
27
99
156
252
158
198
167
10
255
156
65
160
65
162
14
53
217
223
162
27
161
196
179
179
30
57
149
205
36
174
128
156
242
176
121
5
75
32
6
72
21
252
192
158
19
73
174
80
56
24
3
230
18
148
15
218
50
134
255
198
205
14
208
43
150
155
149
157
148
131
14
155
160
44
27
105
80
87
236
172
79
245
94
10
247
20
41
113
198
4
150
10
167
74
101
107
49
8
224
63
158
245
220
66
42
244
112
114
146
78
240
34
98
34
73
189
30
224
56
246
85
6
213
181
71
211
193
36
190
95
5
3
13
167
152
88
53
221
223
59
172
119
213
120
202
169
76
110
75
199
245
14
116
201
107
138
66
54
171
14
127
127
57
101
71
237
220
22
135
161
202
121
187
34
216
58
38
215
145
146
69
199
32
39
106
40
234
130
119
243
87
109
225
26
64
132
207
147
251
242
45
124
192
187
222
232
0
201
235
228
136
97
123
95
172
62
91
85
118
95
25
134
223
248
143
19
251
70
53
20
38
0
68
142
229
103
69
178
29
151
12
79
215
105
227
245
242
68
106
180
75
203
18
93
4
80
59
51
119
196
54
85
158
27
10
129
180
144
207
183
52
232
229
109
107
177
224
152
90
56
201
185
59
119
165
163
7
226
160
191
197
83
125
212
59
102
145
141
239
83
150
30
120
236
191
222
41
109
159
37
112
2
219
134
90
64
63
51
38
32
2
13
115
60
77
217
192
24
27
111
43
110
142
210
233
25
186
166
248
51
52
220
97
176
102
22
99
240
11
99
179
139
204
205
159
219
35
177
111
241
56
64
117
71
215
5
2
6
66
2
164
158
55
0
82
63
196
208
117
202
189
20
144
241
26
246
193
74
137
87
136
31
19
156
67
139
2
146
23
93
230
72
48
62
82
163
209
16
70
170
243
9
208
17
188
156
25
82
234
132
157
78
113
203
72
84
250
25
211
249
174
226
157
122
81
46
212
178
243
69
137
209
230
139
104
22
69
181
16
248
100
216
10
78
65
143
191
28
243
57
188
36
15
1
61
166
11
130
138
242
243
183
21
220
51
164
43
148
253
58
219
220
121
14
140
8
229
155
40
11
18
197
82
45
182
66
162
205
252
193
241
13
41
54
123
162
18
27
166
140
121
61
220
60
39
105
222
92
241
49
181
244
6
17
98
101
13
49
233
65
148
116
60
250
39
61
219
221
222
169
239
49
65
192
241
197
3
200
198
228
212
129
4
8
4
183
52
80
128
146
86
255
236
157
38
121
1
195
169
33
42
48
8
67
137
117
65
167
207
67
210
254
48
169
85
222
129
101
145
215
57
115
5
121
108
112
90
254
190
135
86
21
83
249
230
199
204
0
214
86
123
96
211
236
53
74
24
187
223
236
177
200
44
192
33
126
132
32
22
254
12
36
72
78
195
135
93
123
227
108
127
117
24
53
123
101
171
234
98
69
179
114
198
204
25
152
49
114
18
134
170
203
175
91
238
4
151
4
87
143
199
127
29
213
25
140
46
1
126
100
19
205
167
149
78
32
58
235
252
38
130
28
192
180
116
96
183
136
123
3
227
232
190
203
110
210
151
31
111
70
75
107
73
225
247
63
178
200
248
18
246
166
70
163
152
96
118
170
240
39
44
229
102
41
71
97
146
164
233
138
149
29
17
75
167
199
6
138
24
218
33
179
237
215
130
95
195
143
250
54
73
169
141
98
113
253
122
80
163
137
6
176
5
99
36
12
54
17
1
154
194
113
231
180
107
70
169
176
58
188
105
91
93
51
13
162
214
165
43
89
124
237
35
31
66
110
5
216
248
160
114
246
216
145
229
74
81
247
22
15
47
82
100
54
6
250
151
188
173
171
28
77
240
46
126
59
17
104
4
87
188
27
50
203
255
64
189
140
161
37
77
95
82
139
202
225
94
150
148
180
99
67
186
30
106
180
137
50
113
28
186
86
160
106
97
99
172
201
56
168
188
77
206
140
211
225
241
91
25
124
215
150
255
139
162
221
45
209
193
69
235
149
194
155
253
204
156
173
229
166
41
35
47
55
55
146
133
165
171
47
175
186
125
131
37
77
207
170
5
149
247
157
122
23
85
31
30
214
154
33
84
194
142
254
155
68
76
78
3
83
220
249
74
67
89
226
80
92
91
97
137
93
235
202
132
67
173
91
168
73
109
49
46
131
35
51
143
153
203
74
118
225
171
139
117
128
203
230
46
104
29
67
247
145
138
207
86
172
20
200
100
24
208
102
115
104
140
136
228
15
252
239
99
242
118
12
70
157
161
224
233
224
55
240
184
50
44
135
222
126
39
214
239
37
94
243
219
109
133
178
111
251
124
97
151
42
61
173
48
49
105
152
26
207
171
19
60
250
40
239
175
27
165
194
177
170
234
34
212
254
179
178
218
83
163
80
230
244
9
227
47
9
84
148
189
145
240
221
72
250
149
31
87
115
124
114
191
52
211
195
238
112
186
77
94
33
202
55
81
196
1
242
190
7
65
207
122
141
21
40
215
209
118
144
201
32
125
24
124
29
162
23
114
46
161
191
253
235
89
190
183
107
169
120
251
16
48
127
119
215
68
233
5
111
40
55
178
70
159
129
49
135
102
109
47
53
234
58
225
207
187
100
8
134
87
33
183
137
237
47
202
48
18
84
86
246
185
102
120
208
81
225
29
239
142
7
184
164
62
125
181
column 1 2048
189
60
37
205
68
72
129
209
234
156
37
164
216
197
235
84
204
206
110
9
235
144
226
76
78
229
52
184
82
108
234
175
8
241
170
168
50
233
42
154
36
16
104
9
231
132
157
232
10
180
242
187
205
153
251
28
109
144
88
63
163
128
1
116
210
57
147
155
101
101
128
95
94
174
86
206
248
103
127
6
213
174
186
170
238
210
7
234
74
73
152
107
243
126
63
252
180
11
187
100
213
204
45
112
76
133
26
85
126
148
138
154
120
19
192
124
135
117
226
214
128
142
124
160
82
23
190
94
9
244
17
44
110
235
54
184
228
136
103
108
43
103
88
35
60
2
204
41
237
238
174
123
184
51
145
16
179
185
103
10
178
108
168
13
116
181
89
228
7
142
172
42
240
141
62
198
160
196
219
200
185
0
134
237
100
249
152
66
147
125
237
75
81
67
149
108
142
71
176
141
7
41
241
57
96
109
98
236
236
158
244
147
46
198
255
101
83
77
130
213
186
233
116
238
43
161
120
30
246
143
173
96
208
46
133
128
17
14
96
3
229
132
177
166
89
112
3
217
85
212
136
80
20
59
148
184
224
68
213
153
129
68
232
76
144
161
209
38
145
252
221
98
88
169
174
226
184
193
159
219
2
154
232
208
104
248
220
204
61
121
105
247
58
231
247
168
114
66
194
201
62
153
231
119
51
195
206
23
185
63
48
40
212
32
228
249
182
118
136
50
251
22
19
236
52
97
150
62
95
223
242
153
0
216
20
10
103
177
45
74
187
196
35
11
115
12
106
98
240
122
218
129
165
156
102
147
127
57
90
103
26
238
230
50
182
176
106
209
92
255
62
226
154
231
223
88
77
111
1
178
105
90
55
73
16
42
36
56
72
224
245
42
30
179
173
58
147
30
79
72
181
133
81
84
190
252
139
54
90
155
126
60
217
38
78
246
100
221
228
120
42
131
167
187
141
247
105
216
18
137
197
83
231
150
182
206
29
185
29
135
11
201
158
227
151
79
41
56
85
1
218
44
33
217
153
255
209
243
237
9
35
36
253
47
34
118
57
202
114
64
143
113
117
50
43
130
203
71
210
75
111
113
232
89
12
244
26
39
183
197
188
71
139
26
212
8
118
94
92
164
226
195
122
228
76
239
111
211
218
249
248
64
92
133
165
194
153
159
102
136
21
227
92
231
108
79
171
61
125
34
194
76
110
23
34
4
173
191
197
3
175
164
227
96
168
134
192
84
239
175
193
167
123
217
144
198
199
58
37
182
79
191
153
244
133
140
79
184
200
238
31
164
9
238
190
217
14
39
249
217
70
196
245
157
117
221
125
22
218
131
219
189
52
210
88
121
0
115
177
93
254
210
211
34
104
66
19
183
62
61
104
59
170
231
159
196
44
154
134
176
144
26
16
214
28
172
32
12
160
45
150
146
138
44
244
15
227
15
130
91
0
98
199
155
107
56
22
96
79
2
206
174
182
28
177
197
71
88
94
89
168
106
92
159
59
195
90
200
60
189
163
161
132
188
120
45
206
131
31
33
86
31
63
162
146
113
172
8
38
142
143
47
211
216
28
147
168
135
194
92
251
68
53
205
17
116
73
11
253
122
126
158
175
249
221
115
97
40
152
119
171
40
166
112
214
140
35
131
116
65
39
119
195
93
212
69
69
182
213
191
128
232
253
129
25
84
23
55
206
151
250
186
61
165
21
193
223
141
222
199
133
7
130
222
200
224
132
81
254
21
189
21
15
181
127
16
163
87
185
13
154
218
64
159
75
110
48
173
83
253
103
90
99
108
76
246
95
166
23
254
225
15
91
182
147
88
11
201
245
208
176
45
122
43
245
24
93
185
53
12
251
64
214
141
250
138
112
20
7
125
37
230
175
165
52
193
151
233
131
81
20
106
223
181
13
89
115
27
99
156
252
158
198
167
10
255
156
65
160
65
162
14
53
217
223
162
27
161
196
179
179
30
57
149
205
36
174
128
156
242
176
121
5
75
32
6
72
21
252
192
158
19
73
174
80
56
24
3
230
18
148
15
218
50
134
255
198
205
14
208
43
150
155
149
157
148
131
14
155
160
44
27
105
80
87
236
172
79
245
94
10
247
20
41
113
198
4
150
10
167
74
101
107
49
8
224
63
158
245
220
66
42
244
112
114
146
78
240
34
98
34
73
189
30
224
56
246
85
6
213
181
71
211
193
36
190
95
5
3
13
167
152
88
53
221
223
59
172
119
213
120
202
169
76
110
75
199
245
14
116
201
107
138
66
54
171
14
127
127
57
101
71
237
220
22
135
161
202
121
187
34
216
58
38
215
145
146
69
199
32
39
106
40
234
130
119
243
87
109
225
26
64
132
207
147
251
242
45
124
192
187
222
232
0
201
235
228
136
97
123
95
172
62
91
85
118
95
25
134
223
248
143
19
251
70
53
20
38
0
68
142
229
103
69
178
29
151
12
79
215
105
227
245
242
68
106
180
75
203
18
93
4
80
59
51
119
196
54
85
158
27
10
129
180
144
207
183
52
232
229
109
107
177
224
152
90
56
201
185
59
119
165
163
7
226
160
191
197
83
125
212
59
102
145
141
239
83
150
30
120
236
191
222
41
109
159
37
112
2
219
134
90
64
63
51
38
32
2
13
115
60
77
217
192
24
27
111
43
110
142
210
233
25
186
166
248
51
52
220
97
176
102
22
99
240
11
99
179
139
204
205
159
219
35
177
111
241
56
64
117
71
215
5
2
6
66
2
164
158
55
0
82
63
196
208
117
202
189
20
144
241
26
246
193
74
137
87
136
31
19
156
67
139
2
146
23
93
230
72
48
62
82
163
209
16
70
170
243
9
208
17
188
156
25
82
234
132
157
78
113
203
72
84
250
25
211
249
174
226
157
122
81
46
212
178
243
69
137
209
230
139
104
22
69
181
16
248
100
216
10
78
65
143
191
28
243
57
188
36
15
1
61
166
11
130
138
242
243
183
21
220
51
164
43
148
253
58
219
220
121
14
140
8
229
155
40
11
18
197
82
45
182
66
162
205
252
193
241
13
41
54
123
162
18
27
166
140
121
61
220
60
39
105
222
92
241
49
181
244
6
17
98
101
13
49
233
65
148
116
60
250
39
61
219
221
222
169
239
49
65
192
241
197
3
200
198
228
212
129
4
8
4
183
52
80
128
146
86
255
236
157
38
121
1
195
169
33
42
48
8
67
137
117
65
167
207
67
210
254
48
169
85
222
129
101
145
215
57
115
5
121
108
112
90
254
190
135
86
21
83
249
230
199
204
0
214
86
123
96
211
236
53
74
24
187
223
236
177
200
44
192
33
126
132
32
22
254
12
36
72
78
195
135
93
123
227
108
127
117
24
53
123
101
171
234
98
69
179
114
198
204
25
152
49
114
18
134
170
203
175
91
238
4
151
4
87
143
199
127
29
213
25
140
46
1
126
100
19
205
167
149
78
32
58
235
252
38
130
28
192
180
116
96
183
136
123
3
227
232
190
203
110
210
151
31
111
70
75
107
73
225
247
63
178
200
248
18
246
166
70
163
152
96
118
170
240
39
44
229
102
41
71
97
146
164
233
138
149
29
17
75
167
199
6
138
24
218
33
179
237
215
130
95
195
143
250
54
73
169
141
98
113
253
122
80
163
137
6
176
5
99
36
12
54
17
1
154
194
113
231
180
107
70
169
176
58
188
105
91
93
51
13
162
214
165
43
89
124
237
35
31
66
110
5
216
248
160
114
246
216
145
229
74
81
247
22
15
47
82
100
54
6
250
151
188
173
171
28
77
240
46
126
59
17
104
4
87
188
27
50
203
255
64
189
140
161
37
77
95
82
139
202
225
94
150
148
180
99
67
186
30
106
180
137
50
113
28
186
86
160
106
97
99
172
201
56
168
188
77
206
140
211
225
241
91
25
124
215
150
255
139
162
221
45
209
193
69
235
149
194
155
253
204
156
173
229
166
41
35
47
55
55
146
133
165
171
47
175
186
125
131
37
77
207
170
5
149
247
157
122
23
85
31
30
214
154
33
84
194
142
254
155
68
76
78
3
83
220
249
74
67
89
226
80
92
91
97
137
93
235
202
132
67
173
91
168
73
109
49
46
131
35
51
143
153
203
74
118
225
171
139
117
128
203
230
46
104
29
67
247
145
138
207
86
172
20
200
100
24
208
102
115
104
140
136
228
15
252
239
99
242
118
12
70
157
161
224
233
224
55
240
184
50
44
135
222
126
39
214
239
37
94
243
219
109
133
178
111
251
124
97
151
42
61
173
48
49
105
152
26
207
171
19
60
250
40
239
175
27
165
194
177
170
234
34
212
254
179
178
218
83
163
80
230
244
9
227
47
9
84
148
189
145
240
221
72
250
149
31
87
115
124
114
191
52
211
195
238
112
186
77
94
33
202
55
81
196
1
242
190
7
65
207
122
141
21
40
215
209
118
144
201
32
125
24
124
29
162
23
114
46
161
191
253
235
89
190
183
107
169
120
251
16
48
127
119
215
68
233
5
111
40
55
178
70
159
129
49
135
102
109
47
53
234
58
225
207
187
100
8
134
87
33
183
137
237
47
202
48
18
84
86
246
185
102
120
208
81
225
29
239
142
7
184
164
62
125
181
column 2 2048
189
60
37
205
68
72
129
209
234
156
37
164
216
197
235
84
204
206
110
9
235
144
226
76
78
229
52
184
82
108
234
175
8
241
170
168
50
233
42
154
36
16
104
9
231
132
157
232
10
180
242
187
205
153
251
28
109
144
88
63
163
128
1
116
210
57
147
155
101
101
128
95
94
174
86
206
248
103
127
6
213
174
186
170
238
210
7
234
74
73
152
107
243
126
63
252
180
11
187
100
213
204
45
112
76
133
26
85
126
148
138
154
120
19
192
124
135
117
226
214
128
142
124
160
82
23
190
94
9
244
17
44
110
235
54
184
228
136
103
108
43
103
88
35
60
2
204
41
237
238
174
123
184
51
145
16
179
185
103
10
178
108
168
13
116
181
89
228
7
142
172
42
240
141
62
198
160
196
219
200
185
0
134
237
100
249
152
66
147
125
237
75
81
67
149
108
142
71
176
141
7
41
241
57
96
109
98
236
236
158
244
147
46
198
255
101
83
77
130
213
186
233
116
238
43
161
120
30
246
143
173
96
208
46
133
128
17
14
96
3
229
132
177
166
89
112
3
217
85
212
136
80
20
59
148
184
224
68
213
153
129
68
232
76
144
161
209
38
145
252
221
98
88
169
174
226
184
193
159
219
2
154
232
208
104
248
220
204
61
121
105
247
58
231
247
168
114
66
194
201
62
153
231
119
51
195
206
23
185
63
48
40
212
32
228
249
182
118
136
50
251
22
19
236
52
97
150
62
95
223
242
153
0
216
20
10
103
177
45
74
187
196
35
11
115
12
106
98
240
122
218
129
165
156
102
147
127
57
90
103
26
238
230
50
182
176
106
209
92
255
62
226
154
231
223
88
77
111
1
178
105
90
55
73
16
42
36
56
72
224
245
42
30
179
173
58
147
30
79
72
181
133
81
84
190
252
139
54
90
155
126
60
217
38
78
246
100
221
228
120
42
131
167
187
141
247
105
216
18
137
197
83
231
150
182
206
29
185
29
135
11
201
158
227
151
79
41
56
85
1
218
44
33
217
153
255
209
243
237
9
35
36
253
47
34
118
57
202
114
64
143
113
117
50
43
130
203
71
210
75
111
113
232
89
12
244
26
39
183
197
188
71
139
26
212
8
118
94
92
164
226
195
122
228
76
239
111
211
218
249
248
64
92
133
165
194
153
159
102
136
21
227
92
231
108
79
171
61
125
34
194
76
110
23
34
4
173
191
197
3
175
164
227
96
168
134
192
84
239
175
193
167
123
217
144
198
199
58
37
182
79
191
153
244
133
140
79
184
200
238
31
164
9
238
190
217
14
39
249
217
70
196
245
157
117
221
125
22
218
131
219
189
52
210
88
121
0
115
177
93
254
210
211
34
104
66
19
183
62
61
104
59
170
231
159
196
44
154
134
176
144
26
16
214
28
172
32
12
160
45
150
146
138
44
244
15
227
15
130
91
0
98
199
155
107
56
22
96
79
2
206
174
182
28
177
197
71
88
94
89
168
106
92
159
59
195
90
200
60
189
163
161
132
188
120
45
206
131
31
33
86
31
63
162
146
113
172
8
38
142
143
47
211
216
28
147
168
135
194
92
251
68
53
205
17
116
73
11
253
122
126
158
175
249
221
115
97
40
152
119
171
40
166
112
214
140
35
131
116
65
39
119
195
93
212
69
69
182
213
191
128
232
253
129
25
84
23
55
206
151
250
186
61
165
21
193
223
141
222
199
133
7
130
222
200
224
132
81
254
21
189
21
15
181
127
16
163
87
185
13
154
218
64
159
75
110
48
173
83
253
103
90
99
108
76
246
95
166
23
254
225
15
91
182
147
88
11
201
245
208
176
45
122
43
245
24
93
185
53
12
251
64
214
141
250
138
112
20
7
125
37
230
175
165
52
193
151
233
131
81
20
106
223
181
13
89
115
27
99
156
252
158
198
167
10
255
156
65
160
65
162
14
53
217
223
162
27
161
196
179
179
30
57
149
205
36
174
128
156
242
176
121
5
75
32
6
72
21
252
192
158
19
73
174
80
56
24
3
230
18
148
15
218
50
134
255
198
205
14
208
43
150
155
149
157
148
131
14
155
160
44
27
105
80
87
236
172
79
245
94
10
247
20
41
113
198
4
150
10
167
74
101
107
49
8
224
63
158
245
220
66
42
244
112
114
146
78
240
34
98
34
73
189
30
224
56
246
85
6
213
181
71
211
193
36
190
95
5
3
13
167
152
88
53
221
223
59
172
119
213
120
202
169
76
110
75
199
245
14
116
201
107
138
66
54
171
14
127
127
57
101
71
237
220
22
135
161
202
121
187
34
216
58
38
215
145
146
69
199
32
39
106
40
234
130
119
243
87
109
225
26
64
132
207
147
251
242
45
124
192
187
222
232
0
201
235
228
136
97
123
95
172
62
91
85
118
95
25
134
223
248
143
19
251
70
53
20
38
0
68
142
229
103
69
178
29
151
12
79
215
105
227
245
242
68
106
180
75
203
18
93
4
80
59
51
119
196
54
85
158
27
10
129
180
144
207
183
52
232
229
109
107
177
224
152
90
56
201
185
59
119
165
163
7
226
160
191
197
83
125
212
59
102
145
141
239
83
150
30
120
236
191
222
41
109
159
37
112
2
219
134
90
64
63
51
38
32
2
13
115
60
77
217
192
24
27
111
43
110
142
210
233
25
186
166
248
51
52
220
97
176
102
22
99
240
11
99
179
139
204
205
159
219
35
177
111
241
56
64
117
71
215
5
2
6
66
2
164
158
55
0
82
63
196
208
117
202
189
20
144
241
26
246
193
74
137
87
136
31
19
156
67
139
2
146
23
93
230
72
48
62
82
163
209
16
70
170
243
9
208
17
188
156
25
82
234
132
157
78
113
203
72
84
250
25
211
249
174
226
157
122
81
46
212
178
243
69
137
209
230
139
104
22
69
181
16
248
100
216
10
78
65
143
191
28
243
57
188
36
15
1
61
166
11
130
138
242
243
183
21
220
51
164
43
148
253
58
219
220
121
14
140
8
229
155
40
11
18
197
82
45
182
66
162
205
252
193
241
13
41
54
123
162
18
27
166
140
121
61
220
60
39
105
222
92
241
49
181
244
6
17
98
101
13
49
233
65
148
116
60
250
39
61
219
221
222
169
239
49
65
192
241
197
3
200
198
228
212
129
4
8
4
183
52
80
128
146
86
255
236
157
38
121
1
195
169
33
42
48
8
67
137
117
65
167
207
67
210
254
48
169
85
222
129
101
145
215
57
115
5
121
108
112
90
254
190
135
86
21
83
249
230
199
204
0
214
86
123
96
211
236
53
74
24
187
223
236
177
200
44
192
33
126
132
32
22
254
12
36
72
78
195
135
93
123
227
108
127
117
24
53
123
101
171
234
98
69
179
114
198
204
25
152
49
114
18
134
170
203
175
91
238
4
151
4
87
143
199
127
29
213
25
140
46
1
126
100
19
205
167
149
78
32
58
235
252
38
130
28
192
180
116
96
183
136
123
3
227
232
190
203
110
210
151
31
111
70
75
107
73
225
247
63
178
200
248
18
246
166
70
163
152
96
118
170
240
39
44
229
102
41
71
97
146
164
233
138
149
29
17
75
167
199
6
138
24
218
33
179
237
215
130
95
195
143
250
54
73
169
141
98
113
253
122
80
163
137
6
176
5
99
36
12
54
17
1
154
194
113
231
180
107
70
169
176
58
188
105
91
93
51
13
162
214
165
43
89
124
237
35
31
66
110
5
216
248
160
114
246
216
145
229
74
81
247
22
15
47
82
100
54
6
250
151
188
173
171
28
77
240
46
126
59
17
104
4
87
188
27
50
203
255
64
189
140
161
37
77
95
82
139
202
225
94
150
148
180
99
67
186
30
106
180
137
50
113
28
186
86
160
106
97
99
172
201
56
168
188
77
206
140
211
225
241
91
25
124
215
150
255
139
162
221
45
209
193
69
235
149
194
155
253
204
156
173
229
166
41
35
47
55
55
146
133
165
171
47
175
186
125
131
37
77
207
170
5
149
247
157
122
23
85
31
30
214
154
33
84
194
142
254
155
68
76
78
3
83
220
249
74
67
89
226
80
92
91
97
137
93
235
202
132
67
173
91
168
73
109
49
46
131
35
51
143
153
203
74
118
225
171
139
117
128
203
230
46
104
29
67
247
145
138
207
86
172
20
200
100
24
208
102
115
104
140
136
228
15
252
239
99
242
118
12
70
157
161
224
233
224
55
240
184
50
44
135
222
126
39
214
239
37
94
243
219
109
133
178
111
251
124
97
151
42
61
173
48
49
105
152
26
207
171
19
60
250
40
239
175
27
165
194
177
170
234
34
212
254
179
178
218
83
163
80
230
244
9
227
47
9
84
148
189
145
240
221
72
250
149
31
87
115
124
114
191
52
211
195
238
112
186
77
94
33
202
55
81
196
1
242
190
7
65
207
122
141
21
40
215
209
118
144
201
32
125
24
124
29
162
23
114
46
161
191
253
235
89
190
183
107
169
120
251
16
48
127
119
215
68
233
5
111
40
55
178
70
159
129
49
135
102
109
47
53
234
58
225
207
187
100
8
134
87
33
183
137
237
47
202
48
18
84
86
246
185
102
120
208
81
225
29
239
142
7
184
164
62
125
181
column 3 4000
257
263
64
378
314
151
158
36
122
414
194
128
474
496
13
31
46
365
3
344
306
16
40
370
101
186
324
164
467
14
182
374
417
322
5
111
93
346
384
14
414
43
109
248
280
340
288
66
28
344
95
480
242
404
462
134
128
102
117
209
365
384
20
201
400
90
286
137
44
91
315
0
317
220
150
20
133
231
190
354
168
72
215
186
254
167
431
33
126
137
211
17
64
221
44
161
187
299
26
177
159
424
63
199
473
323
232
388
79
170
175
145
364
328
63
293
211
493
169
181
187
202
446
18
260
15
315
8
424
290
205
402
452
218
335
417
309
387
327
413
391
477
198
198
307
74
176
135
19
224
237
52
140
13
254
321
445
371
42
39
357
301
38
238
239
272
146
486
369
324
89
117
214
390
406
179
438
218
418
405
39
393
452
137
66
186
89
199
98
50
392
412
493
72
429
10
413
286
236
415
487
231
249
126
233
50
150
147
144
408
91
341
176
411
329
296
425
374
412
319
282
246
314
334
422
60
301
232
494
454
31
84
312
191
119
113
112
121
111
422
380
158
103
191
256
216
200
423
181
85
301
489
391
379
367
281
494
282
375
88
92
149
21
479
112
273
189
166
156
442
363
238
186
41
79
152
47
460
364
38
173
295
401
457
411
293
475
329
297
50
281
288
366
160
181
97
366
400
456
51
416
481
142
396
331
71
120
254
333
154
237
285
80
107
25
269
492
422
397
135
11
479
192
268
196
7
172
267
399
207
286
424
160
497
255
318
54
45
387
79
184
49
448
35
335
410
11
409
48
235
319
87
110
464
439
397
217
441
288
115
408
409
169
405
28
380
340
131
11
292
250
277
47
348
285
93
381
75
234
497
192
18
61
398
91
23
490
437
257
336
377
203
144
109
477
43
229
496
407
462
362
31
339
167
16
225
419
290
496
456
316
497
188
233
274
351
105
258
279
182
94
214
211
62
284
54
349
160
411
334
60
114
14
462
8
245
442
177
249
252
97
96
144
101
5
98
197
181
275
142
387
235
346
45
261
475
443
195
132
86
317
269
440
251
48
39
401
346
162
283
287
88
469
74
496
66
434
103
9
478
139
214
261
386
61
166
290
357
173
372
432
434
83
315
436
354
37
382
7
430
270
159
258
92
486
155
439
2
345
73
92
139
334
148
419
1
180
173
372
237
162
153
83
222
115
243
485
312
386
292
233
491
40
179
207
278
112
497
49
10
475
47
444
245
129
156
301
485
344
147
398
72
137
123
49
240
77
134
236
238
274
378
35
216
139
497
233
441
224
242
439
223
458
215
199
191
111
439
21
194
35
121
451
339
67
274
79
414
95
50
146
402
193
103
318
306
73
441
445
149
435
183
418
276
189
323
226
412
318
476
87
75
234
377
318
470
465
32
110
76
104
291
199
221
282
367
201
60
359
73
340
84
269
390
223
276
483
284
266
224
18
75
284
132
105
217
279
243
11
415
295
438
250
135
364
44
366
182
92
255
147
353
107
112
415
251
230
284
89
127
90
202
169
319
195
283
6
247
256
97
357
175
499
171
493
178
178
464
38
240
31
263
88
227
138
186
470
335
87
223
110
428
452
493
189
71
444
56
59
289
384
413
86
358
448
410
475
241
196
65
103
108
213
159
154
64
174
435
435
330
42
97
156
321
459
81
299
487
253
164
331
468
60
230
453
70
380
473
198
392
472
140
94
419
149
300
403
99
326
460
374
491
159
103
455
192
350
249
76
333
419
294
454
301
343
45
411
9
437
284
467
101
466
298
45
287
57
285
487
212
191
216
407
230
122
398
121
453
246
309
142
263
59
222
308
381
132
292
304
341
191
492
117
360
145
106
449
133
125
482
180
57
149
387
413
26
350
124
247
392
120
476
20
488
313
26
298
257
293
446
390
353
461
222
310
444
9
251
499
498
316
50
460
372
497
117
391
266
165
453
362
251
323
414
105
36
258
467
127
47
17
331
261
277
398
467
342
308
448
72
220
156
480
490
137
147
368
403
437
220
132
178
136
335
276
19
236
488
52
386
30
82
41
352
320
431
226
68
391
57
23
278
82
273
220
255
291
12
226
354
174
88
279
422
476
331
406
469
143
219
90
297
121
127
99
167
208
320
400
357
278
305
385
168
236
367
363
14
131
32
332
434
481
376
110
392
249
63
46
399
131
416
499
77
42
474
245
391
146
146
69
398
37
270
405
316
271
99
239
245
198
183
107
213
225
90
250
123
170
273
468
2
28
408
322
69
51
416
242
277
241
295
247
43
51
259
385
141
248
458
205
411
46
390
366
404
115
99
498
396
465
341
179
256
415
252
474
428
96
275
491
454
330
12
53
183
281
365
192
429
242
382
350
381
258
68
450
125
280
206
93
371
326
171
427
442
353
105
52
314
488
222
395
389
62
254
75
234
218
170
337
133
383
185
322
434
432
204
394
232
191
255
103
26
278
35
5
368
136
356
119
367
406
241
366
313
6
9
414
480
226
402
364
146
368
126
419
216
1
298
342
130
152
490
486
185
296
238
14
148
261
420
162
170
62
212
431
265
81
70
469
10
498
68
66
344
37
262
313
12
171
406
440
212
133
290
26
44
354
420
351
148
212
358
245
396
119
320
278
256
347
203
362
310
364
411
406
57
211
164
129
413
314
361
125
76
191
474
63
175
188
223
289
228
302
250
382
312
166
327
57
2
259
67
365
336
470
293
375
482
260
342
153
487
87
409
225
217
493
492
348
402
445
276
306
434
499
80
254
216
369
352
469
158
54
328
27
120
264
319
320
233
88
420
297
294
327
397
260
271
137
308
134
192
323
443
480
442
449
487
222
179
57
89
107
272
73
41
98
366
39
195
262
247
3
108
418
141
429
371
22
266
465
200
410
376
246
430
476
305
403
472
303
384
425
327
114
265
439
458
345
152
338
34
298
376
371
61
325
158
469
317
43
74
357
411
313
341
77
487
259
82
108
146
40
455
351
206
85
425
99
492
190
470
292
168
6
206
203
443
90
221
30
22
48
458
116
223
28
367
183
473
221
78
255
118
121
101
385
353
389
248
491
488
29
330
473
436
16
50
204
315
55
42
397
428
400
425
209
317
479
86
153
123
289
54
107
358
127
187
407
242
270
148
459
80
247
215
296
171
130
165
248
62
447
350
225
18
10
65
114
23
385
26
289
78
496
496
244
229
11
119
269
65
51
421
194
492
206
431
338
410
143
209
438
430
71
8
498
161
412
185
433
213
190
317
484
445
142
253
430
290
120
129
466
169
37
41
265
219
354
392
255
7
443
499
306
84
96
376
58
212
302
151
220
291
377
23
231
82
147
5
184
441
7
389
112
195
310
90
274
217
498
202
272
41
154
220
93
290
20
442
135
145
34
10
236
470
85
407
20
173
14
308
153
425
405
351
63
303
395
400
207
420
358
337
58
56
226
208
268
253
6
298
303
157
336
96
365
489
71
68
210
209
345
33
101
253
177
457
344
52
388
291
12
272
265
201
273
323
205
21
356
327
349
129
144
206
269
189
71
148
475
214
17
36
58
174
471
453
273
413
238
428
485
276
17
466
461
498
414
456
130
216
215
162
46
67
231
271
116
9
209
0
122
141
100
349
446
468
236
124
98
372
39
459
2
279
150
123
436
216
79
277
421
266
113
416
417
17
192
302
194
104
254
292
196
26
483
235
265
134
344
328
328
335
42
1
14
259
75
221
186
7
59
450
456
447
298
438
200
12
246
489
235
115
473
468
38
165
355
183
358
282
481
117
283
299
30
375
483
383
424
461
57
36
182
423
338
452
225
182
118
291
386
356
337
195
92
92
16
407
288
424
394
102
465
158
300
188
312
128
428
309
408
135
245
404
337
390
415
287
60
430
116
187
470
120
189
127
258
122
172
113
104
52
204
294
232
210
463
494
12
116
339
397
193
231
24
495
414
497
109
322
161
444
440
189
18
495
472
193
152
180
136
334
151
204
213
488
218
435
256
155
436
236
348
394
174
461
490
5
417
352
331
208
244
315
353
38
172
76
122
356
141
230
188
271
0
382
371
197
96
462
289
383
312
463
175
292
475
399
239
56
422
345
408
13
128
200
251
153
405
424
247
201
433
311
469
247
381
421
200
131
289
100
214
484
384
380
467
285
395
24
275
30
446
215
104
162
494
280
387
172
389
199
352
213
483
415
477
161
0
74
454
217
463
380
173
15
417
463
352
15
237
228
63
206
333
30
477
0
315
167
490
94
435
271
129
257
291
185
279
11
85
196
221
252
154
208
482
200
247
496
128
250
98
486
335
126
455
73
4
309
178
420
294
203
229
394
10
43
166
166
106
45
257
64
373
379
335
311
239
464
259
176
313
468
480
141
228
367
227
323
208
70
477
76
40
206
388
361
116
316
317
489
163
154
295
416
304
456
423
71
451
61
73
153
309
259
144
8
485
340
22
31
123
329
272
22
27
478
267
239
58
374
145
237
327
406
118
235
348
468
66
287
369
73
41
286
426
462
170
194
263
263
256
115
3
359
158
189
126
332
473
108
432
478
478
299
196
436
423
362
315
164
135
275
383
393
253
453
267
394
202
175
29
347
22
307
471
95
324
373
351
275
154
105
359
104
197
228
130
384
370
441
139
3
489
10
108
459
52
19
196
104
19
55
116
481
329
205
32
359
246
343
324
95
361
95
432
225
375
90
445
334
143
474
237
462
282
139
284
241
108
16
284
241
6
62
401
276
101
357
55
263
296
264
266
219
94
126
419
108
81
339
304
449
78
249
96
452
8
415
373
348
144
207
401
451
45
203
457
403
365
199
330
495
112
488
433
134
385
114
436
455
307
398
151
69
34
403
53
9
66
263
42
181
492
65
352
88
286
39
56
81
242
352
306
142
375
178
278
433
3
272
428
389
444
467
306
332
190
319
390
3
264
266
396
455
15
459
431
482
83
176
448
310
148
460
460
360
126
237
303
173
31
91
340
228
458
172
408
229
32
145
33
4
359
433
288
66
426
440
155
397
79
69
46
64
332
381
25
383
336
59
286
344
100
34
122
360
131
241
332
326
426
309
184
12
210
133
328
490
170
427
232
332
392
155
70
386
163
19
307
136
35
290
379
454
361
450
153
360
43
144
48
486
368
268
338
375
484
351
55
252
238
194
334
160
443
416
437
355
340
235
421
36
364
437
42
370
193
152
440
332
257
255
264
172
267
369
22
94
437
124
106
329
346
226
168
312
260
165
106
205
197
465
310
286
151
419
447
402
409
451
249
434
297
341
29
260
139
350
345
471
138
187
411
85
461
146
60
289
244
470
147
9
292
34
349
55
258
86
479
107
346
27
453
159
450
419
354
480
281
103
124
86
100
48
72
462
231
193
213
25
219
333
184
153
327
79
460
304
260
425
208
483
299
396
486
254
280
315
100
69
127
172
339
91
390
61
95
376
438
262
447
204
461
384
192
131
88
318
481
69
227
441
188
21
374
219
98
347
406
93
331
258
69
495
330
103
446
476
150
66
199
270
21
221
134
58
37
460
264
409
431
102
198
362
372
129
111
372
198
400
482
159
404
155
413
435
147
399
142
167
421
222
70
300
337
105
76
479
350
293
201
150
389
252
484
343
432
269
396
28
128
44
416
232
328
453
270
321
194
275
423
336
238
187
219
395
216
92
303
300
427
369
112
363
429
37
282
16
190
167
203
168
380
475
300
271
490
265
337
254
0
443
161
441
429
405
349
271
130
448
132
156
195
172
233
138
202
449
319
187
410
316
57
338
89
196
168
56
301
448
244
468
159
161
374
213
287
471
430
324
136
436
243
238
294
32
211
175
484
218
452
156
44
375
364
115
495
309
453
248
273
201
267
47
309
62
232
206
111
294
125
445
345
424
243
296
40
437
343
438
426
291
452
468
65
295
139
24
113
325
197
186
32
51
250
143
439
348
84
23
227
472
106
311
448
5
201
189
277
422
158
27
154
466
470
324
318
461
209
243
277
368
21
15
314
272
401
377
456
13
388
390
320
454
49
83
444
335
11
76
381
174
23
483
271
43
177
119
451
190
173
449
171
280
181
268
64
311
210
7
182
378
308
476
447
341
386
141
479
20
211
13
89
233
27
378
363
369
10
354
478
321
350
193
253
399
53
279
472
283
372
344
229
30
185
448
164
101
184
359
4
25
133
75
6
486
277
224
275
329
223
56
24
131
376
430
239
324
285
270
388
43
205
130
431
145
176
4
151
386
300
27
498
87
267
213
207
138
99
148
41
398
394
138
18
330
498
362
443
305
264
319
472
321
322
170
387
125
488
334
420
484
34
226
361
376
158
332
184
226
6
179
252
464
421
50
227
164
465
223
133
3
141
82
129
88
53
325
87
321
420
120
12
283
204
110
75
489
270
408
393
54
485
14
197
34
313
229
481
464
366
49
426
38
459
466
379
325
32
165
150
39
106
40
488
477
119
174
136
343
198
183
368
249
26
64
359
212
141
370
132
378
25
301
124
432
387
391
476
0
113
414
420
68
184
97
123
403
132
95
317
230
62
160
347
201
341
248
118
351
155
157
25
423
363
340
345
229
376
136
275
495
163
70
53
20
38
256
248
166
68
374
29
359
182
221
325
143
198
418
388
252
285
404
177
117
268
180
79
480
361
471
489
446
324
372
106
90
331
113
18
349
260
215
403
80
59
51
119
257
310
85
199
300
283
266
121
384
377
489
81
436
308
476
404
210
109
255
107
229
412
83
471
147
346
312
487
127
59
163
161
160
454
119
402
400
163
7
412
143
81
447
251
438
83
125
222
77
59
358
378
290
339
193
56
30
42
110
466
297
418
109
455
293
368
2
347
460
346
320
383
63
307
227
294
288
2
269
371
248
316
77
301
432
200
24
27
111
299
110
126
477
408
281
373
157
220
389
427
307
308
492
353
121
102
278
355
450
11
185
355
457
355
447
160
105
441
40
412
35
117
111
465
435
312
320
210
373
71
106
261
258
243
262
322
2
406
165
394
311
0
82
63
437
451
373
443
276
485
282
280
418
433
74
137
343
136
31
156
197
19
251
62
176
217
323
139
205
2
279
93
171
474
230
72
195
48
318
338
292
413
16
70
409
455
265
6
177
273
250
494
370
156
281
338
478
132
182
450
157
78
113
240
257
72
217
84
494
281
230
104
493
41
347
157
240
122
337
302
293
462
169
181
410
325
393
451
342
395
197
360
22
325
474
16
407
356
449
174
266
78
65
399
314
28
403
77
313
336
36
15
1
242
219
61
474
267
130
234
138
486
52
398
21
464
51
299
205
177
86
409
314
244
185
456
209
55
377
270
140
210
8
46
222
171
296
267
274
71
338
45
410
123
322
269
496
433
401
13
297
310
379
162
274
27
166
140
252
121
61
212
463
245
192
316
295
361
466
348
328
174
49
421
140
262
481
17
98
101
13
305
78
65
404
116
60
341
295
61
166
449
179
149
169
304
219
305
321
432
485
438
259
310
167
472
455
385
4
8
260
223
8
52
80
184
128
402
86
499
97
157
38
377
1
491
169
33
298
304
264
200
67
190
393
373
321
167
74
67
234
360
48
85
231
491
385
357
145
458
313
371
5
377
108
368
346
125
430
135
342
277
83
168
20
434
314
256
457
342
379
352
320
479
53
74
24
370
241
467
480
177
492
300
482
33
382
388
446
288
278
285
268
36
328
78
490
391
349
379
109
364
383
117
280
53
123
357
478
98
69
179
245
114
427
439
244
243
93
25
152
211
305
114
18
208
134
426
363
347
482
4
407
4
87
143
440
127
29
281
396
302
1
382
100
19
307
423
149
78
288
58
211
449
294
130
28
231
180
116
96
183
392
379
259
143
246
99
444
110
46
151
287
111
326
75
363
466
214
329
469
418
319
434
210
204
494
102
240
274
400
422
326
163
152
96
118
170
484
39
454
44
473
249
102
297
327
461
353
146
164
161
394
149
29
273
331
423
262
138
24
33
435
49
458
386
225
351
195
399
159
54
73
425
397
354
369
340
251
235
378
80
163
137
262
176
5
355
36
227
268
54
17
232
1
154
244
369
493
227
180
107
326
169
452
176
235
58
188
361
220
91
349
51
13
215
162
457
165
207
299
89
124
316
291
287
322
366
261
333
350
160
114
228
374
396
401
472
330
337
491
22
15
47
82
356
54
262
494
151
188
429
427
28
218
333
83
302
382
59
17
104
4
87
459
244
218
188
283
306
203
217
499
64
445
140
417
37
333
95
82
395
202
336
94
150
236
404
180
355
67
442
30
362
180
393
306
113
284
442
342
416
362
97
99
428
457
56
424
224
253
444
77
140
348
485
91
25
124
215
150
499
395
418
483
45
209
193
325
479
228
149
450
155
497
204
412
429
473
224
422
297
35
47
311
55
402
133
421
427
303
175
186
125
131
37
77
463
426
261
405
114
157
239
378
23
85
31
286
214
410
33
84
194
142
358
155
68
76
334
3
339
493
330
323
345
469
80
92
347
97
393
93
478
458
388
67
173
91
168
329
365
495
49
46
387
35
307
399
409
459
74
118
427
395
373
128
234
203
356
302
360
285
67
279
401
241
138
463
240
86
428
276
456
100
280
464
102
115
360
140
392
228
15
356
484
355
371
118
268
326
157
417
224
224
311
80
440
50
44
391
382
295
214
482
240
293
94
431
475
109
389
178
367
365
124
353
407
298
317
429
304
305
105
152
282
207
171
19
60
240
70
40
175
283
165
450
433
426
234
34
212
464
179
178
218
339
163
243
336
230
487
9
483
47
265
84
148
445
145
477
72
129
405
287
343
115
380
370
447
308
467
451
112
442
333
94
33
202
311
253
250
81
196
246
1
242
190
263
65
463
122
397
21
296
471
465
118
144
457
32
381
24
380
29
162
23
370
302
417
191
491
89
446
439
363
425
120
495
272
304
383
375
471
68
233
261
367
296
55
178
326
415
385
305
135
358
109
303
53
234
58
481
207
187
100
264
134
343
289
183
393
237
303
202
48
274
84
342
246
185
102
120
208
81
225
29
239
142
7
440
164
318
381
181
column 4 4000
257
263
64
378
314
151
158
36
122
414
194
128
474
496
13
31
46
365
3
344
306
16
40
370
101
186
324
164
467
14
182
374
417
322
5
111
93
346
384
14
414
43
109
248
280
340
288
66
28
344
95
480
242
404
462
134
128
102
117
209
365
384
20
201
400
90
286
137
44
91
315
0
317
220
150
20
133
231
190
354
168
72
215
186
254
167
431
33
126
137
211
17
64
221
44
161
187
299
26
177
159
424
63
199
473
323
232
388
79
170
175
145
364
328
63
293
211
493
169
181
187
202
446
18
260
15
315
8
424
290
205
402
452
218
335
417
309
387
327
413
391
477
198
198
307
74
176
135
19
224
237
52
140
13
254
321
445
371
42
39
357
301
38
238
239
272
146
486
369
324
89
117
214
390
406
179
438
218
418
405
39
393
452
137
66
186
89
199
98
50
392
412
493
72
429
10
413
286
236
415
487
231
249
126
233
50
150
147
144
408
91
341
176
411
329
296
425
374
412
319
282
246
314
334
422
60
301
232
494
454
31
84
312
191
119
113
112
121
111
422
380
158
103
191
256
216
200
423
181
85
301
489
391
379
367
281
494
282
375
88
92
149
21
479
112
273
189
166
156
442
363
238
186
41
79
152
47
460
364
38
173
295
401
457
411
293
475
329
297
50
281
288
366
160
181
97
366
400
456
51
416
481
142
396
331
71
120
254
333
154
237
285
80
107
25
269
492
422
397
135
11
479
192
268
196
7
172
267
399
207
286
424
160
497
255
318
54
45
387
79
184
49
448
35
335
410
11
409
48
235
319
87
110
464
439
397
217
441
288
115
408
409
169
405
28
380
340
131
11
292
250
277
47
348
285
93
381
75
234
497
192
18
61
398
91
23
490
437
257
336
377
203
144
109
477
43
229
496
407
462
362
31
339
167
16
225
419
290
496
456
316
497
188
233
274
351
105
258
279
182
94
214
211
62
284
54
349
160
411
334
60
114
14
462
8
245
442
177
249
252
97
96
144
101
5
98
197
181
275
142
387
235
346
45
261
475
443
195
132
86
317
269
440
251
48
39
401
346
162
283
287
88
469
74
496
66
434
103
9
478
139
214
261
386
61
166
290
357
173
372
432
434
83
315
436
354
37
382
7
430
270
159
258
92
486
155
439
2
345
73
92
139
334
148
419
1
180
173
372
237
162
153
83
222
115
243
485
312
386
292
233
491
40
179
207
278
112
497
49
10
475
47
444
245
129
156
301
485
344
147
398
72
137
123
49
240
77
134
236
238
274
378
35
216
139
497
233
441
224
242
439
223
458
215
199
191
111
439
21
194
35
121
451
339
67
274
79
414
95
50
146
402
193
103
318
306
73
441
445
149
435
183
418
276
189
323
226
412
318
476
87
75
234
377
318
470
465
32
110
76
104
291
199
221
282
367
201
60
359
73
340
84
269
390
223
276
483
284
266
224
18
75
284
132
105
217
279
243
11
415
295
438
250
135
364
44
366
182
92
255
147
353
107
112
415
251
230
284
89
127
90
202
169
319
195
283
6
247
256
97
357
175
499
171
493
178
178
464
38
240
31
263
88
227
138
186
470
335
87
223
110
428
452
493
189
71
444
56
59
289
384
413
86
358
448
410
475
241
196
65
103
108
213
159
154
64
174
435
435
330
42
97
156
321
459
81
299
487
253
164
331
468
60
230
453
70
380
473
198
392
472
140
94
419
149
300
403
99
326
460
374
491
159
103
455
192
350
249
76
333
419
294
454
301
343
45
411
9
437
284
467
101
466
298
45
287
57
285
487
212
191
216
407
230
122
398
121
453
246
309
142
263
59
222
308
381
132
292
304
341
191
492
117
360
145
106
449
133
125
482
180
57
149
387
413
26
350
124
247
392
120
476
20
488
313
26
298
257
293
446
390
353
461
222
310
444
9
251
499
498
316
50
460
372
497
117
391
266
165
453
362
251
323
414
105
36
258
467
127
47
17
331
261
277
398
467
342
308
448
72
220
156
480
490
137
147
368
403
437
220
132
178
136
335
276
19
236
488
52
386
30
82
41
352
320
431
226
68
391
57
23
278
82
273
220
255
291
12
226
354
174
88
279
422
476
331
406
469
143
219
90
297
121
127
99
167
208
320
400
357
278
305
385
168
236
367
363
14
131
32
332
434
481
376
110
392
249
63
46
399
131
416
499
77
42
474
245
391
146
146
69
398
37
270
405
316
271
99
239
245
198
183
107
213
225
90
250
123
170
273
468
2
28
408
322
69
51
416
242
277
241
295
247
43
51
259
385
141
248
458
205
411
46
390
366
404
115
99
498
396
465
341
179
256
415
252
474
428
96
275
491
454
330
12
53
183
281
365
192
429
242
382
350
381
258
68
450
125
280
206
93
371
326
171
427
442
353
105
52
314
488
222
395
389
62
254
75
234
218
170
337
133
383
185
322
434
432
204
394
232
191
255
103
26
278
35
5
368
136
356
119
367
406
241
366
313
6
9
414
480
226
402
364
146
368
126
419
216
1
298
342
130
152
490
486
185
296
238
14
148
261
420
162
170
62
212
431
265
81
70
469
10
498
68
66
344
37
262
313
12
171
406
440
212
133
290
26
44
354
420
351
148
212
358
245
396
119
320
278
256
347
203
362
310
364
411
406
57
211
164
129
413
314
361
125
76
191
474
63
175
188
223
289
228
302
250
382
312
166
327
57
2
259
67
365
336
470
293
375
482
260
342
153
487
87
409
225
217
493
492
348
402
445
276
306
434
499
80
254
216
369
352
469
158
54
328
27
120
264
319
320
233
88
420
297
294
327
397
260
271
137
308
134
192
323
443
480
442
449
487
222
179
57
89
107
272
73
41
98
366
39
195
262
247
3
108
418
141
429
371
22
266
465
200
410
376
246
430
476
305
403
472
303
384
425
327
114
265
439
458
345
152
338
34
298
376
371
61
325
158
469
317
43
74
357
411
313
341
77
487
259
82
108
146
40
455
351
206
85
425
99
492
190
470
292
168
6
206
203
443
90
221
30
22
48
458
116
223
28
367
183
473
221
78
255
118
121
101
385
353
389
248
491
488
29
330
473
436
16
50
204
315
55
42
397
428
400
425
209
317
479
86
153
123
289
54
107
358
127
187
407
242
270
148
459
80
247
215
296
171
130
165
248
62
447
350
225
18
10
65
114
23
385
26
289
78
496
496
244
229
11
119
269
65
51
421
194
492
206
431
338
410
143
209
438
430
71
8
498
161
412
185
433
213
190
317
484
445
142
253
430
290
120
129
466
169
37
41
265
219
354
392
255
7
443
499
306
84
96
376
58
212
302
151
220
291
377
23
231
82
147
5
184
441
7
389
112
195
310
90
274
217
498
202
272
41
154
220
93
290
20
442
135
145
34
10
236
470
85
407
20
173
14
308
153
425
405
351
63
303
395
400
207
420
358
337
58
56
226
208
268
253
6
298
303
157
336
96
365
489
71
68
210
209
345
33
101
253
177
457
344
52
388
291
12
272
265
201
273
323
205
21
356
327
349
129
144
206
269
189
71
148
475
214
17
36
58
174
471
453
273
413
238
428
485
276
17
466
461
498
414
456
130
216
215
162
46
67
231
271
116
9
209
0
122
141
100
349
446
468
236
124
98
372
39
459
2
279
150
123
436
216
79
277
421
266
113
416
417
17
192
302
194
104
254
292
196
26
483
235
265
134
344
328
328
335
42
1
14
259
75
221
186
7
59
450
456
447
298
438
200
12
246
489
235
115
473
468
38
165
355
183
358
282
481
117
283
299
30
375
483
383
424
461
57
36
182
423
338
452
225
182
118
291
386
356
337
195
92
92
16
407
288
424
394
102
465
158
300
188
312
128
428
309
408
135
245
404
337
390
415
287
60
430
116
187
470
120
189
127
258
122
172
113
104
52
204
294
232
210
463
494
12
116
339
397
193
231
24
495
414
497
109
322
161
444
440
189
18
495
472
193
152
180
136
334
151
204
213
488
218
435
256
155
436
236
348
394
174
461
490
5
417
352
331
208
244
315
353
38
172
76
122
356
141
230
188
271
0
382
371
197
96
462
289
383
312
463
175
292
475
399
239
56
422
345
408
13
128
200
251
153
405
424
247
201
433
311
469
247
381
421
200
131
289
100
214
484
384
380
467
285
395
24
275
30
446
215
104
162
494
280
387
172
389
199
352
213
483
415
477
161
0
74
454
217
463
380
173
15
417
463
352
15
237
228
63
206
333
30
477
0
315
167
490
94
435
271
129
257
291
185
279
11
85
196
221
252
154
208
482
200
247
496
128
250
98
486
335
126
455
73
4
309
178
420
294
203
229
394
10
43
166
166
106
45
257
64
373
379
335
311
239
464
259
176
313
468
480
141
228
367
227
323
208
70
477
76
40
206
388
361
116
316
317
489
163
154
295
416
304
456
423
71
451
61
73
153
309
259
144
8
485
340
22
31
123
329
272
22
27
478
267
239
58
374
145
237
327
406
118
235
348
468
66
287
369
73
41
286
426
462
170
194
263
263
256
115
3
359
158
189
126
332
473
108
432
478
478
299
196
436
423
362
315
164
135
275
383
393
253
453
267
394
202
175
29
347
22
307
471
95
324
373
351
275
154
105
359
104
197
228
130
384
370
441
139
3
489
10
108
459
52
19
196
104
19
55
116
481
329
205
32
359
246
343
324
95
361
95
432
225
375
90
445
334
143
474
237
462
282
139
284
241
108
16
284
241
6
62
401
276
101
357
55
263
296
264
266
219
94
126
419
108
81
339
304
449
78
249
96
452
8
415
373
348
144
207
401
451
45
203
457
403
365
199
330
495
112
488
433
134
385
114
436
455
307
398
151
69
34
403
53
9
66
263
42
181
492
65
352
88
286
39
56
81
242
352
306
142
375
178
278
433
3
272
428
389
444
467
306
332
190
319
390
3
264
266
396
455
15
459
431
482
83
176
448
310
148
460
460
360
126
237
303
173
31
91
340
228
458
172
408
229
32
145
33
4
359
433
288
66
426
440
155
397
79
69
46
64
332
381
25
383
336
59
286
344
100
34
122
360
131
241
332
326
426
309
184
12
210
133
328
490
170
427
232
332
392
155
70
386
163
19
307
136
35
290
379
454
361
450
153
360
43
144
48
486
368
268
338
375
484
351
55
252
238
194
334
160
443
416
437
355
340
235
421
36
364
437
42
370
193
152
440
332
257
255
264
172
267
369
22
94
437
124
106
329
346
226
168
312
260
165
106
205
197
465
310
286
151
419
447
402
409
451
249
434
297
341
29
260
139
350
345
471
138
187
411
85
461
146
60
289
244
470
147
9
292
34
349
55
258
86
479
107
346
27
453
159
450
419
354
480
281
103
124
86
100
48
72
462
231
193
213
25
219
333
184
153
327
79
460
304
260
425
208
483
299
396
486
254
280
315
100
69
127
172
339
91
390
61
95
376
438
262
447
204
461
384
192
131
88
318
481
69
227
441
188
21
374
219
98
347
406
93
331
258
69
495
330
103
446
476
150
66
199
270
21
221
134
58
37
460
264
409
431
102
198
362
372
129
111
372
198
400
482
159
404
155
413
435
147
399
142
167
421
222
70
300
337
105
76
479
350
293
201
150
389
252
484
343
432
269
396
28
128
44
416
232
328
453
270
321
194
275
423
336
238
187
219
395
216
92
303
300
427
369
112
363
429
37
282
16
190
167
203
168
380
475
300
271
490
265
337
254
0
443
161
441
429
405
349
271
130
448
132
156
195
172
233
138
202
449
319
187
410
316
57
338
89
196
168
56
301
448
244
468
159
161
374
213
287
471
430
324
136
436
243
238
294
32
211
175
484
218
452
156
44
375
364
115
495
309
453
248
273
201
267
47
309
62
232
206
111
294
125
445
345
424
243
296
40
437
343
438
426
291
452
468
65
295
139
24
113
325
197
186
32
51
250
143
439
348
84
23
227
472
106
311
448
5
201
189
277
422
158
27
154
466
470
324
318
461
209
243
277
368
21
15
314
272
401
377
456
13
388
390
320
454
49
83
444
335
11
76
381
174
23
483
271
43
177
119
451
190
173
449
171
280
181
268
64
311
210
7
182
378
308
476
447
341
386
141
479
20
211
13
89
233
27
378
363
369
10
354
478
321
350
193
253
399
53
279
472
283
372
344
229
30
185
448
164
101
184
359
4
25
133
75
6
486
277
224
275
329
223
56
24
131
376
430
239
324
285
270
388
43
205
130
431
145
176
4
151
386
300
27
498
87
267
213
207
138
99
148
41
398
394
138
18
330
498
362
443
305
264
319
472
321
322
170
387
125
488
334
420
484
34
226
361
376
158
332
184
226
6
179
252
464
421
50
227
164
465
223
133
3
141
82
129
88
53
325
87
321
420
120
12
283
204
110
75
489
270
408
393
54
485
14
197
34
313
229
481
464
366
49
426
38
459
466
379
325
32
165
150
39
106
40
488
477
119
174
136
343
198
183
368
249
26
64
359
212
141
370
132
378
25
301
124
432
387
391
476
0
113
414
420
68
184
97
123
403
132
95
317
230
62
160
347
201
341
248
118
351
155
157
25
423
363
340
345
229
376
136
275
495
163
70
53
20
38
256
248
166
68
374
29
359
182
221
325
143
198
418
388
252
285
404
177
117
268
180
79
480
361
471
489
446
324
372
106
90
331
113
18
349
260
215
403
80
59
51
119
257
310
85
199
300
283
266
121
384
377
489
81
436
308
476
404
210
109
255
107
229
412
83
471
147
346
312
487
127
59
163
161
160
454
119
402
400
163
7
412
143
81
447
251
438
83
125
222
77
59
358
378
290
339
193
56
30
42
110
466
297
418
109
455
293
368
2
347
460
346
320
383
63
307
227
294
288
2
269
371
248
316
77
301
432
200
24
27
111
299
110
126
477
408
281
373
157
220
389
427
307
308
492
353
121
102
278
355
450
11
185
355
457
355
447
160
105
441
40
412
35
117
111
465
435
312
320
210
373
71
106
261
258
243
262
322
2
406
165
394
311
0
82
63
437
451
373
443
276
485
282
280
418
433
74
137
343
136
31
156
197
19
251
62
176
217
323
139
205
2
279
93
171
474
230
72
195
48
318
338
292
413
16
70
409
455
265
6
177
273
250
494
370
156
281
338
478
132
182
450
157
78
113
240
257
72
217
84
494
281
230
104
493
41
347
157
240
122
337
302
293
462
169
181
410
325
393
451
342
395
197
360
22
325
474
16
407
356
449
174
266
78
65
399
314
28
403
77
313
336
36
15
1
242
219
61
474
267
130
234
138
486
52
398
21
464
51
299
205
177
86
409
314
244
185
456
209
55
377
270
140
210
8
46
222
171
296
267
274
71
338
45
410
123
322
269
496
433
401
13
297
310
379
162
274
27
166
140
252
121
61
212
463
245
192
316
295
361
466
348
328
174
49
421
140
262
481
17
98
101
13
305
78
65
404
116
60
341
295
61
166
449
179
149
169
304
219
305
321
432
485
438
259
310
167
472
455
385
4
8
260
223
8
52
80
184
128
402
86
499
97
157
38
377
1
491
169
33
298
304
264
200
67
190
393
373
321
167
74
67
234
360
48
85
231
491
385
357
145
458
313
371
5
377
108
368
346
125
430
135
342
277
83
168
20
434
314
256
457
342
379
352
320
479
53
74
24
370
241
467
480
177
492
300
482
33
382
388
446
288
278
285
268
36
328
78
490
391
349
379
109
364
383
117
280
53
123
357
478
98
69
179
245
114
427
439
244
243
93
25
152
211
305
114
18
208
134
426
363
347
482
4
407
4
87
143
440
127
29
281
396
302
1
382
100
19
307
423
149
78
288
58
211
449
294
130
28
231
180
116
96
183
392
379
259
143
246
99
444
110
46
151
287
111
326
75
363
466
214
329
469
418
319
434
210
204
494
102
240
274
400
422
326
163
152
96
118
170
484
39
454
44
473
249
102
297
327
461
353
146
164
161
394
149
29
273
331
423
262
138
24
33
435
49
458
386
225
351
195
399
159
54
73
425
397
354
369
340
251
235
378
80
163
137
262
176
5
355
36
227
268
54
17
232
1
154
244
369
493
227
180
107
326
169
452
176
235
58
188
361
220
91
349
51
13
215
162
457
165
207
299
89
124
316
291
287
322
366
261
333
350
160
114
228
374
396
401
472
330
337
491
22
15
47
82
356
54
262
494
151
188
429
427
28
218
333
83
302
382
59
17
104
4
87
459
244
218
188
283
306
203
217
499
64
445
140
417
37
333
95
82
395
202
336
94
150
236
404
180
355
67
442
30
362
180
393
306
113
284
442
342
416
362
97
99
428
457
56
424
224
253
444
77
140
348
485
91
25
124
215
150
499
395
418
483
45
209
193
325
479
228
149
450
155
497
204
412
429
473
224
422
297
35
47
311
55
402
133
421
427
303
175
186
125
131
37
77
463
426
261
405
114
157
239
378
23
85
31
286
214
410
33
84
194
142
358
155
68
76
334
3
339
493
330
323
345
469
80
92
347
97
393
93
478
458
388
67
173
91
168
329
365
495
49
46
387
35
307
399
409
459
74
118
427
395
373
128
234
203
356
302
360
285
67
279
401
241
138
463
240
86
428
276
456
100
280
464
102
115
360
140
392
228
15
356
484
355
371
118
268
326
157
417
224
224
311
80
440
50
44
391
382
295
214
482
240
293
94
431
475
109
389
178
367
365
124
353
407
298
317
429
304
305
105
152
282
207
171
19
60
240
70
40
175
283
165
450
433
426
234
34
212
464
179
178
218
339
163
243
336
230
487
9
483
47
265
84
148
445
145
477
72
129
405
287
343
115
380
370
447
308
467
451
112
442
333
94
33
202
311
253
250
81
196
246
1
242
190
263
65
463
122
397
21
296
471
465
118
144
457
32
381
24
380
29
162
23
370
302
417
191
491
89
446
439
363
425
120
495
272
304
383
375
471
68
233
261
367
296
55
178
326
415
385
305
135
358
109
303
53
234
58
481
207
187
100
264
134
343
289
183
393
237
303
202
48
274
84
342
246
185
102
120
208
81
225
29
239
142
7
440
164
318
381
181
column 5 8000
944
223
66
352
119
233
956
798
700
792
438
125
439
838
299
491
495
385
898
459
180
839
175
850
965
200
441
715
417
203
857
436
74
161
540
600
297
440
790
43
327
466
992
479
423
955
634
752
401
416
605
819
894
42
238
681
49
891
163
957
876
505
941
39
919
916
119
970
386
26
903
712
243
19
508
9
980
820
893
500
89
55
341
911
173
231
104
137
36
884
86
235
620
449
815
553
121
714
184
879
466
331
713
503
938
743
508
303
390
504
651
101
91
827
399
192
85
422
103
840
858
860
46
457
622
797
659
821
796
75
93
539
420
168
960
700
166
900
337
526
233
398
869
807
303
823
731
42
482
620
974
79
390
20
841
66
812
166
996
815
117
742
765
54
647
611
505
238
225
112
911
756
134
177
501
946
230
20
896
456
145
611
15
71
748
70
450
501
891
173
849
725
179
921
28
652
436
664
198
142
228
864
615
548
115
51
199
717
588
259
644
531
903
360
701
913
949
738
121
23
216
995
728
327
777
546
793
907
392
351
669
257
346
444
20
496
754
237
978
562
28
813
198
925
332
4
120
236
57
726
27
277
716
737
464
691
543
575
773
975
590
319
716
379
766
808
417
150
984
411
117
54
342
842
838
843
580
259
846
823
754
581
824
797
988
675
107
74
333
592
418
358
249
348
376
2
291
117
962
704
564
255
3
669
489
898
97
721
618
854
187
979
648
392
434
821
517
716
694
688
364
14
400
511
438
306
176
684
225
310
649
705
1
447
44
837
158
578
573
251
737
175
335
57
611
912
481
828
308
648
21
194
159
12
446
690
129
523
754
885
672
424
527
574
552
552
504
71
645
472
231
478
493
472
393
198
39
713
671
711
135
44
676
275
961
948
56
665
16
316
757
289
886
845
479
323
648
418
396
830
990
321
801
598
238
551
123
431
777
26
859
847
259
767
461
332
607
741
425
389
437
84
611
170
132
209
778
673
927
441
95
305
753
692
476
114
790
591
775
775
319
167
873
575
603
63
140
618
876
891
377
87
919
829
987
52
124
725
83
827
194
683
313
693
16
382
728
215
926
856
674
659
894
784
387
649
986
787
601
946
823
128
183
219
561
560
47
249
832
322
304
691
290
183
556
910
617
428
794
696
247
165
8
334
768
903
909
444
292
449
855
817
695
216
677
653
358
164
73
535
984
881
311
768
604
198
485
603
32
791
638
316
980
692
725
450
639
67
732
299
291
857
950
630
932
790
922
154
500
312
730
493
55
422
760
842
708
381
823
427
70
56
187
149
933
336
44
911
671
769
709
637
652
907
345
580
450
723
971
670
719
852
122
929
956
634
227
26
812
383
916
744
427
439
348
365
298
168
853
396
620
359
866
542
8
176
730
92
94
789
297
555
916
126
458
212
869
533
225
763
413
666
295
682
495
698
746
324
600
808
530
215
756
405
194
351
548
565
216
215
374
245
130
158
177
757
678
400
658
228
841
636
802
380
888
548
8
12
795
355
724
58
325
442
911
40
85
395
988
316
592
386
52
642
207
830
462
523
759
820
744
539
707
996
543
820
128
579
860
315
574
802
156
802
344
343
415
455
830
441
939
820
196
69
173
990
187
131
82
599
82
844
715
624
116
835
604
837
256
828
997
880
942
22
700
404
768
637
350
396
859
4
375
179
79
942
993
388
307
524
270
596
465
608
852
806
710
411
781
34
871
586
845
479
633
573
819
942
700
587
647
371
455
689
917
985
443
601
447
169
448
608
344
216
719
572
706
812
934
417
384
717
466
845
799
771
853
437
768
899
145
776
742
80
615
339
704
623
502
919
559
621
109
861
419
966
355
371
997
575
211
273
326
383
120
839
849
351
973
775
478
481
906
562
401
734
635
221
172
532
402
54
730
425
391
993
785
798
248
500
77
452
442
778
360
456
246
74
327
788
763
572
952
299
98
412
356
954
581
91
14
60
625
220
555
106
177
246
602
976
115
472
18
549
149
804
261
167
520
616
73
44
890
289
598
64
998
23
235
565
960
102
373
106
879
323
776
601
5
856
657
507
17
161
701
14
285
298
85
764
962
352
687
523
636
658
136
18
826
584
660
563
958
694
953
239
768
899
732
998
113
407
810
71
965
95
780
801
682
357
57
169
966
171
888
216
692
942
247
218
454
824
772
269
651
302
826
296
713
977
489
820
90
290
234
345
759
728
42
371
424
349
312
238
73
142
448
391
232
460
190
129
651
96
133
202
195
741
525
966
615
339
879
409
784
34
185
93
353
544
727
200
656
207
859
694
295
600
411
995
873
27
230
735
447
570
855
50
510
135
731
348
517
282
551
947
598
173
251
736
300
12
230
848
64
106
490
979
906
87
915
850
452
719
458
278
761
895
597
692
224
995
613
537
594
990
892
430
951
356
309
224
458
204
341
308
541
370
670
192
639
110
514
62
900
895
550
803
248
493
394
667
468
747
321
334
145
834
735
507
784
372
753
643
296
787
623
831
273
57
996
895
666
750
96
255
409
335
707
710
996
104
375
955
540
268
153
741
742
734
927
860
758
856
594
596
488
373
517
733
968
612
345
759
914
434
407
10
147
982
361
103
350
619
129
787
813
888
745
786
166
821
694
725
284
569
821
138
131
446
847
352
6
111
920
168
669
765
492
665
194
629
150
336
355
415
109
343
767
366
225
580
263
438
430
657
14
393
692
127
361
628
160
223
124
972
871
258
595
237
745
581
206
124
302
420
22
775
467
271
690
109
503
21
90
84
728
826
948
798
92
989
312
718
4
25
451
589
257
37
933
860
201
691
604
126
557
624
7
367
921
85
895
836
72
265
904
49
410
391
763
776
357
119
680
564
593
794
166
674
281
48
25
726
430
216
975
974
133
731
443
480
998
407
833
283
153
511
217
479
40
477
746
691
665
885
755
348
753
271
912
67
636
696
430
317
906
555
962
943
594
764
846
402
876
98
568
332
500
191
540
524
529
701
891
683
575
539
993
770
685
998
887
164
530
801
555
406
859
220
515
617
779
576
115
382
243
535
203
878
663
618
642
704
240
847
987
797
922
908
928
798
461
133
256
680
410
292
261
505
910
889
341
660
1
701
711
463
111
534
80
570
354
148
329
522
42
674
628
738
162
806
206
210
802
86
140
901
14
293
732
151
732
447
18
405
604
21
706
694
414
664
331
762
660
557
720
552
518
148
132
222
946
983
960
328
801
91
724
575
193
586
822
83
535
252
470
206
262
104
713
827
186
857
104
597
229
852
426
930
51
651
853
42
173
8
119
481
24
940
898
969
502
399
427
443
699
185
871
326
481
782
970
112
868
961
199
641
757
521
65
238
284
358
32
701
958
353
402
483
782
733
331
141
996
123
600
666
93
145
567
418
43
715
168
596
902
699
967
185
892
212
896
834
463
341
226
15
851
283
573
855
939
678
786
217
191
82
154
182
751
806
910
502
167
690
758
808
264
930
513
700
480
83
684
522
585
654
811
354
710
111
547
519
426
156
965
214
676
77
751
476
641
302
800
749
932
684
440
231
224
714
872
439
990
259
136
629
195
259
803
944
107
130
934
676
344
958
196
936
305
800
936
8
514
199
239
609
450
714
389
971
440
806
53
587
533
438
514
52
275
63
509
761
987
800
509
647
331
232
469
116
938
346
410
336
780
183
390
580
849
955
612
955
900
947
362
534
474
634
742
207
107
540
649
208
578
551
926
977
839
340
81
367
449
242
385
948
573
218
419
632
502
145
626
899
190
405
232
621
298
589
110
584
784
431
231
733
699
693
718
351
761
984
206
439
409
523
824
262
758
981
901
734
992
72
266
451
640
956
363
731
214
476
292
834
353
271
945
92
158
930
815
936
646
550
943
525
700
568
606
230
80
985
802
663
707
415
41
107
512
959
601
995
163
319
943
63
712
99
951
270
211
837
408
729
357
263
22
394
298
291
907
804
258
521
783
415
693
1
565
565
113
994
453
763
670
827
240
559
727
825
672
441
306
169
697
606
825
949
665
631
246
44
372
404
335
819
97
619
282
437
204
525
894
9
650
335
28
871
621
57
899
406
384
248
86
813
606
189
478
809
883
425
59
243
702
652
813
528
48
376
17
265
910
989
186
393
963
271
924
835
77
475
766
365
935
328
182
532
941
407
960
715
769
300
743
336
796
631
355
117
910
646
833
215
940
114
409
470
120
483
792
833
759
199
152
770
162
632
276
88
122
887
753
738
659
162
764
270
610
465
384
850
505
573
14
991
852
691
303
96
300
79
727
288
926
53
57
554
684
557
886
104
399
244
509
453
677
941
622
744
474
946
605
145
722
904
485
375
917
228
888
72
445
938
467
785
78
156
575
475
175
420
336
832
970
148
139
29
813
462
127
66
585
390
746
204
224
387
952
38
348
745
907
558
450
864
967
963
512
655
965
758
949
493
227
105
616
244
870
571
13
983
609
928
147
121
723
275
62
75
708
704
75
868
500
583
490
914
688
472
588
345
791
857
589
542
445
577
351
465
185
808
735
236
63
909
558
64
629
255
117
595
233
693
208
661
602
563
350
877
900
485
97
550
2
525
706
583
161
646
827
623
792
732
613
733
222
368
97
291
481
142
223
577
214
797
401
810
769
513
384
781
312
396
773
339
488
347
310
644
907
529
221
611
899
167
874
413
57
674
745
770
202
449
95
191
467
342
988
740
973
643
997
272
444
659
707
985
146
208
870
518
862
915
598
328
469
436
396
769
452
968
368
314
574
5
461
572
239
734
46
111
908
178
274
939
411
413
555
839
703
13
484
723
454
603
905
156
456
171
88
733
705
801
670
526
50
923
941
626
696
757
754
905
795
354
207
384
543
415
50
173
227
549
338
266
772
686
714
78
462
979
303
256
53
682
495
898
248
184
320
593
783
961
668
102
71
98
419
71
759
595
856
627
273
108
65
861
25
654
814
906
975
258
419
0
297
662
529
335
294
473
967
463
608
114
239
520
224
822
172
317
308
935
265
205
566
872
291
559
139
438
30
482
822
247
209
304
697
887
155
436
617
703
512
365
209
423
678
823
250
0
330
528
189
590
103
338
318
760
925
461
571
554
227
226
15
587
886
727
894
480
608
181
314
934
553
932
367
20
513
346
407
45
664
864
380
915
736
598
562
535
210
961
228
68
849
999
976
502
526
533
661
508
686
134
561
858
890
763
33
406
387
93
613
279
317
397
913
685
814
939
151
170
459
368
146
520
389
204
711
924
112
84
390
994
633
900
678
207
767
292
454
686
226
795
788
796
527
412
280
542
452
993
635
491
880
304
702
134
628
549
444
964
770
258
20
181
7
717
369
653
427
397
563
31
795
953
553
483
491
128
102
976
390
929
877
981
366
344
988
391
766
753
353
27
112
503
287
422
612
490
232
51
484
498
189
652
558
17
998
574
798
272
797
259
388
739
897
357
712
73
224
60
810
56
849
563
43
91
893
857
634
266
435
842
844
630
282
925
150
709
107
531
933
591
417
252
991
830
425
908
353
180
982
154
775
606
988
754
717
637
254
381
640
776
487
814
878
453
258
297
807
660
781
138
431
260
708
537
724
0
903
254
497
240
325
875
898
78
89
269
530
577
541
454
416
101
158
513
783
30
974
840
325
881
45
760
748
610
744
521
537
496
863
350
451
174
774
452
641
667
181
549
142
109
441
537
402
728
585
555
954
343
294
414
329
953
144
888
928
47
180
989
79
610
717
420
962
347
253
47
461
775
4
378
656
57
578
816
118
668
203
402
781
177
620
563
404
780
772
986
745
428
229
477
544
472
105
327
171
746
389
817
169
461
89
666
478
529
532
970
658
7
35
36
143
471
20
257
599
160
411
266
784
737
45
665
423
267
587
909
569
825
560
477
237
313
205
972
5
961
639
824
120
400
668
867
202
363
167
276
789
208
670
783
18
669
566
363
774
147
862
92
191
641
388
719
245
87
147
239
183
494
535
979
143
184
689
738
685
844
538
148
484
306
977
60
561
236
531
76
762
818
51
217
166
909
659
147
569
135
173
507
61
569
488
789
364
697
235
214
723
660
591
637
111
653
123
609
385
821
622
627
674
305
146
130
816
922
380
712
893
356
445
817
904
262
403
919
817
328
773
86
171
185
482
750
277
984
84
208
163
82
253
846
699
850
616
462
97
480
506
174
982
828
596
101
747
309
805
776
329
892
691
14
850
654
522
432
769
658
3
601
943
812
585
471
239
16
816
381
70
748
334
558
159
66
250
232
449
779
719
805
322
26
35
266
208
247
356
438
920
412
131
774
676
471
990
433
298
220
771
72
799
915
202
649
798
213
376
874
484
354
69
134
231
655
617
993
142
7
137
230
507
899
639
732
630
867
349
562
488
794
118
290
478
209
501
345
787
894
680
898
78
403
329
964
105
928
244
609
359
372
836
11
304
170
558
23
597
679
716
578
320
967
871
182
967
492
455
522
477
189
781
181
403
856
364
776
529
509
16
661
623
534
346
24
657
761
631
961
249
762
54
701
195
25
759
958
464
504
666
643
282
831
633
755
237
102
552
778
787
134
886
737
818
126
50
910
155
866
865
75
414
153
663
37
885
126
296
63
433
147
851
916
904
617
645
560
974
754
929
536
314
322
121
337
205
317
76
503
116
29
49
359
679
142
779
612
632
276
67
779
370
622
829
110
810
285
950
104
933
658
144
921
432
693
300
142
859
900
108
877
234
833
603
781
557
518
997
217
480
191
843
296
524
205
897
288
504
578
990
289
468
969
330
665
487
767
945
627
689
832
933
286
934
711
873
629
746
837
144
150
442
440
71
931
302
505
390
189
448
738
681
843
828
952
986
331
201
763
213
286
221
715
52
22
588
682
86
387
606
913
61
884
445
286
771
144
636
699
564
459
126
640
218
768
24
394
914
13
664
398
923
881
164
261
629
585
541
365
297
687
4
924
473
438
310
561
571
297
670
188
476
688
815
718
237
10
144
754
128
217
135
994
841
492
422
661
330
890
992
254
951
631
617
50
206
412
420
627
966
286
805
835
920
898
669
743
471
211
172
637
101
161
713
629
681
980
84
576
492
983
630
556
218
35
895
753
734
302
803
105
884
308
164
339
663
400
148
49
831
193
999
155
133
466
785
315
451
927
568
599
150
365
887
757
77
932
268
853
632
894
896
705
510
712
861
328
188
484
721
87
540
708
793
107
489
367
865
421
846
171
659
58
212
139
782
764
825
300
48
553
398
184
852
766
582
885
74
11
893
331
990
152
644
602
740
654
880
31
131
21
671
481
362
91
863
242
164
366
284
50
941
175
750
762
782
686
146
880
913
393
479
728
611
639
71
241
514
835
9
12
983
556
613
615
977
888
466
515
847
961
399
77
599
684
567
83
66
253
369
707
617
388
46
893
395
865
856
734
112
736
103
141
772
490
250
19
687
868
583
60
672
880
508
375
538
290
275
208
566
383
316
189
542
13
607
906
89
5
673
671
253
922
760
278
837
301
458
804
551
594
796
191
429
367
535
780
406
154
975
757
279
416
711
414
463
482
937
368
466
253
132
404
912
18
940
773
30
847
194
943
815
581
927
263
371
275
287
517
344
403
760
222
269
672
602
572
978
154
295
938
519
473
855
866
278
844
310
543
274
319
242
875
39
522
327
628
902
127
430
817
852
887
1
847
762
307
272
256
295
668
649
802
705
359
299
246
909
435
902
102
948
876
137
649
712
974
170
158
530
429
809
770
577
156
211
40
115
924
638
882
532
818
462
31
459
931
350
703
153
236
327
543
190
288
221
341
118
592
872
519
278
88
788
394
114
931
836
15
518
41
703
779
774
2
901
252
499
945
677
587
927
435
123
141
579
950
957
322
584
782
220
74
92
184
418
543
662
286
413
255
949
314
453
635
952
474
76
574
194
16
468
188
579
954
527
395
890
464
484
642
196
197
186
149
945
6
649
583
315
777
133
687
61
870
609
494
772
646
423
332
389
39
489
517
29
367
586
408
741
812
506
328
474
152
971
964
488
436
808
958
223
973
868
258
498
56
181
645
379
200
372
300
587
229
620
669
315
453
99
22
376
965
451
381
201
227
710
780
800
961
62
551
389
467
323
416
465
456
756
648
736
250
642
275
932
897
290
16
137
232
740
83
266
291
432
70
144
7
742
150
908
238
888
507
573
764
890
618
757
475
372
523
940
485
703
971
755
726
176
38
724
103
99
528
199
321
278
511
129
506
658
338
831
622
641
335
551
822
469
547
610
274
508
954
412
602
763
896
328
387
776
759
786
903
454
739
588
444
121
27
396
409
50
748
361
756
942
862
728
178
582
807
991
231
984
911
613
972
415
174
153
192
175
94
226
511
196
101
102
902
214
690
576
152
643
241
73
524
564
223
864
370
903
69
999
279
330
132
865
442
614
815
841
374
354
73
804
952
184
183
182
793
340
235
947
643
989
403
762
40
270
353
567
550
108
560
247
859
399
981
192
913
860
524
594
28
103
509
272
314
391
918
550
454
790
433
123
45
33
98
31
600
992
538
966
235
81
364
556
934
877
166
301
889
281
675
324
972
545
547
721
212
324
889
218
747
457
680
948
306
331
68
988
671
968
478
656
999
400
916
213
576
286
760
149
251
76
55
127
916
607
927
332
543
989
741
868
984
833
538
246
751
26
451
730
100
427
750
513
722
192
658
136
616
46
615
946
985
888
400
496
842
113
284
253
376
445
698
355
549
111
862
182
53
564
226
377
974
337
771
615
560
272
967
495
289
274
247
147
197
116
504
392
225
10
505
75
3
165
63
241
952
83
276
58
685
61
920
406
861
668
749
832
20
974
215
793
465
732
498
80
359
889
866
648
159
551
163
788
309
133
288
393
90
306
695
976
437
191
973
611
559
43
88
369
81
521
737
354
72
499
526
376
374
210
408
566
362
475
105
35
109
773
968
715
850
824
557
644
353
85
424
548
413
408
362
476
468
48
964
875
317
641
428
613
792
330
8
453
196
998
628
403
128
82
881
249
802
900
719
995
213
547
180
283
873
273
376
195
879
183
504
227
532
825
203
287
530
217
553
990
467
507
685
870
0
225
517
466
874
950
546
330
129
735
572
458
570
321
857
554
223
837
783
597
579
573
738
511
817
429
52
877
391
491
158
219
168
533
901
781
414
826
521
293
233
162
431
94
619
937
252
299
126
226
544
276
202
858
982
47
619
226
422
497
319
520
362
502
157
401
98
559
702
297
554
414
745
833
926
6
862
790
793
809
265
634
151
295
228
715
496
521
7
938
159
647
480
953
586
174
294
744
446
533
392
41
254
638
761
361
13
377
766
818
665
91
426
79
465
676
379
238
748
752
371
538
668
171
352
639
858
143
803
309
493
40
556
914
721
288
656
502
583
149
285
34
604
267
943
804
132
249
177
113
160
942
468
606
64
267
366
947
378
381
88
136
474
131
471
420
122
727
504
840
90
251
285
624
881
673
277
967
811
348
679
591
460
949
818
73
31
798
5
893
186
907
643
115
675
693
352
509
393
681
159
56
396
439
538
170
706
479
112
179
866
759
783
883
619
107
188
399
975
421
200
695
506
301
320
489
272
897
863
739
531
394
811
114
457
172
424
455
77
190
413
937
467
493
605
749
627
255
352
206
373
651
497
562
677
514
679
391
351
694
169
808
80
177
765
955
397
62
734
876
433
150
435
497
363
851
756
584
328
176
130
163
432
720
751
29
844
601
523
905
76
572
865
225
114
165
258
800
357
986
703
599
292
36
969
750
490
378
379
986
681
912
987
473
269
360
787
11
918
377
539
292
895
174
717
986
273
24
79
197
203
861
965
122
758
380
779
177
34
327
341
889
267
935
338
624
35
845
78
186
204
806
624
222
723
767
501
721
404
704
154
11
87
964
3
116
743
180
389
801
448
750
477
8
994
224
698
209
767
498
992
287
293
82
347
365
2
790
165
686
96
188
883
4
359
414
436
959
79
434
765
627
212
133
34
181
825
882
928
45
920
47
457
672
810
176
496
359
366
681
522
592
521
102
505
430
443
32
769
302
700
416
165
651
862
254
585
541
939
824
925
139
186
624
585
992
115
893
24
69
931
674
931
451
889
380
155
178
221
571
140
675
831
716
866
3
501
512
854
499
836
718
513
250
138
270
683
436
51
347
464
208
470
925
876
531
13
137
665
584
433
896
170
964
699
655
975
794
303
956
753
121
483
157
841
382
433
452
706
921
883
42
688
299
280
909
615
420
605
933
397
388
401
944
743
698
213
986
667
37
921
967
631
804
645
80
123
970
356
122
829
392
531
159
662
110
252
294
997
364
366
673
648
86
975
605
519
287
996
313
755
722
459
32
69
670
471
632
621
157
392
814
892
56
981
512
198
956
495
768
213
110
9
884
460
346
11
870
633
880
421
324
428
316
309
372
428
639
187
306
357
179
663
576
534
928
978
973
221
402
518
81
785
506
140
234
151
346
146
38
137
159
107
947
155
629
129
20
495
635
219
534
263
101
756
36
777
59
891
317
284
969
777
516
577
608
965
740
489
653
126
571
241
554
860
93
618
710
45
945
476
110
705
410
233
582
702
980
857
950
90
318
470
74
631
428
214
394
495
929
412
273
644
387
369
931
33
501
936
805
97
411
265
233
437
246
149
486
878
569
596
691
939
647
103
406
657
386
605
810
924
959
255
206
436
973
572
405
518
289
272
100
245
607
37
313
368
540
26
957
413
749
816
906
148
26
678
720
34
68
498
369
946
432
519
993
426
682
848
755
279
499
507
127
455
684
33
483
548
431
17
312
698
249
361
556
751
456
112
217
454
191
278
644
979
223
846
657
828
600
19
853
437
300
425
729
113
131
925
931
635
918
441
279
383
795
95
614
633
811
508
524
604
247
286
511
762
80
421
99
971
871
192
317
443
741
935
270
864
11
494
491
257
558
569
333
298
22
908
204
609
960
933
293
119
54
966
834
491
31
90
373
379
668
796
540
976
771
213
748
271
713
307
913
46
642
280
431
403
570
544
969
41
96
991
221
685
268
809
535
894
972
290
981
710
469
189
698
377
610
775
125
451
380
93
386
651
424
349
841
473
566
723
564
152
528
695
711
190
716
340
318
587
704
726
958
283
274
791
344
405
260
958
962
699
978
553
293
359
282
315
35
212
548
732
306
838
720
909
879
368
6
9
447
197
263
550
125
819
468
656
805
337
257
687
386
786
867
799
304
10
656
526
51
566
274
790
633
384
245
67
201
733
593
582
318
10
922
580
170
343
978
216
434
819
470
646
356
309
515
440
118
947
646
843
851
626
446
520
706
375
65
986
885
839
673
681
219
972
772
220
422
569
448
899
284
803
570
536
747
222
470
871
996
955
813
588
580
18
63
655
896
323
196
794
726
941
875
780
625
560
797
432
872
514
766
234
516
425
884
769
218
921
311
709
635
640
87
222
884
792
460
679
419
435
601
638
486
698
322
743
847
616
690
818
862
376
969
473
310
129
158
952
120
296
821
704
88
918
335
351
143
978
729
318
791
254
482
240
178
308
265
261
310
291
416
89
73
297
354
591
176
326
735
259
423
108
141
125
413
878
610
424
870
811
326
913
570
90
113
794
877
288
370
120
245
702
827
546
952
533
979
367
392
322
476
43
586
769
882
727
198
77
625
554
108
146
456
552
869
12
597
487
771
540
99
473
96
884
6
673
806
602
30
783
372
931
284
439
683
824
277
590
337
374
613
973
244
778
714
337
666
29
527
333
528
562
680
39
55
492
178
299
926
135
987
803
984
148
499
956
421
566
363
30
683
333
333
747
76
467
936
483
77
616
130
165
485
538
62
27
841
697
488
530
10
65
279
71
236
282
618
449
150
437
197
100
162
631
914
876
703
840
682
822
929
269
399
788
67
927
337
237
425
708
344
997
718
394
280
654
257
808
120
253
549
41
471
570
151
49
472
879
492
510
519
393
398
787
596
96
469
30
314
770
780
935
651
323
23
219
448
5
447
881
263
136
368
346
701
410
855
527
41
557
494
276
923
135
401
725
10
630
323
481
341
276
526
921
153
512
88
319
911
895
38
917
851
500
491
13
901
117
737
547
729
748
352
327
68
721
182
545
278
195
836
52
311
499
12
969
636
810
59
21
174
638
385
493
400
358
866
583
660
460
272
251
17
58
958
200
406
867
245
475
315
778
985
411
529
731
960
67
386
979
855
249
991
237
323
869
372
265
334
256
236
720
122
653
982
432
536
636
98
684
982
295
0
247
2
709
635
963
591
694
858
918
735
912
92
255
819
194
360
718
196
538
243
789
751
510
663
17
279
64
526
724
75
261
519
571
863
94
934
236
200
524
929
122
341
371
299
910
421
848
183
915
578
555
490
852
478
542
233
949
983
40
313
36
499
851
828
339
687
807
458
195
92
528
378
636
523
334
293
414
444
66
640
925
718
135
474
874
695
588
47
911
60
285
628
340
632
383
419
378
625
360
564
283
55
210
311
524
760
193
536
60
202
621
417
650
545
189
530
647
435
193
664
235
242
429
407
220
469
506
805
926
155
410
840
957
281
446
110
802
464
409
915
14
510
38
172
588
653
256
845
167
752
918
397
547
175
768
849
707
568
326
212
486
128
383
45
348
457
510
183
289
968
324
904
918
200
612
214
845
875
280
657
944
418
753
202
63
428
501
502
199
744
844
892
912
417
74
315
311
875
429
803
200
962
241
981
15
928
242
332
286
0
679
890
606
818
970
737
116
697
696
11
85
452
221
864
485
456
374
187
128
255
610
976
940
638
873
329
516
791
434
459
890
522
555
678
830
106
301
721
254
576
419
951
724
688
460
980
141
228
860
227
201
832
70
751
332
901
462
892
164
838
154
261
105
955
749
950
832
90
400
901
260
831
534
287
646
22
27
847
34
698
793
988
993
66
838
307
329
41
705
282
426
948
505
364
627
259
977
349
785
108
211
741
778
708
460
836
3
647
288
377
95
260
846
175
29
789
970
607
342
501
773
443
453
228
642
914
593
843
395
515
593
522
620
944
52
19
196
104
725
902
19
567
478
628
981
948
717
280
544
405
620
904
758
269
206
509
607
433
62
607
930
423
290
602
154
82
143
989
240
319
661
644
480
139
905
672
375
108
320
528
369
987
370
518
574
277
264
897
938
481
101
850
567
951
766
729
445
100
897
216
94
366
761
126
722
620
81
829
785
490
902
498
626
386
441
491
590
749
977
386
608
672
520
389
784
382
550
673
840
656
322
207
138
799
950
45
203
542
689
917
331
199
464
747
819
624
513
116
362
134
796
626
99
384
37
789
709
151
581
546
361
778
485
356
53
836
9
863
66
263
554
340
693
65
844
600
39
568
593
242
844
883
654
869
178
749
932
515
741
926
885
943
545
788
561
702
767
514
515
264
304
122
829
323
15
937
430
531
982
342
380
595
688
361
947
923
660
959
25
742
463
342
280
638
237
69
173
543
91
185
740
833
684
384
229
32
145
545
378
516
852
457
64
311
578
53
650
667
954
37
500
591
69
441
558
762
576
942
876
25
946
826
59
152
504
326
835
476
843
499
100
546
634
853
131
241
820
508
813
509
923
408
791
184
12
722
645
517
494
775
682
243
334
232
820
887
352
667
472
582
262
163
786
19
981
955
136
547
289
765
390
248
953
854
914
153
854
43
846
144
48
395
869
902
861
268
886
59
347
984
842
55
252
750
194
822
160
941
492
795
991
935
360
848
346
830
991
235
36
369
678
935
338
374
42
863
193
978
664
262
821
492
403
264
172
887
267
61
22
484
94
625
398
124
106
350
357
758
226
680
604
260
677
456
106
429
349
796
205
294
313
197
964
336
793
362
462
663
916
945
936
854
338
848
761
932
776
111
541
922
349
139
133
836
46
138
187
577
597
193
146
364
60
289
461
312
244
67
659
9
483
292
934
34
6
313
55
258
873
86
937
178
619
789
446
851
539
951
449
671
15
916
550
140
281
410
103
976
124
86
612
410
48
584
667
880
405
743
705
725
537
219
821
337
184
153
815
591
199
426
362
785
260
590
720
983
863
41
864
353
254
800
100
405
581
814
127
363
172
801
829
603
885
351
813
345
301
573
439
457
381
95
828
936
774
407
674
388
716
560
878
192
643
88
804
980
69
470
739
940
700
480
533
593
731
610
474
807
902
309
339
605
959
770
581
621
953
424
615
944
839
848
662
578
711
782
21
733
444
406
646
58
549
959
375
997
264
816
954
614
198
398
856
512
641
111
358
866
710
461
896
70
159
567
155
333
910
994
659
923
654
679
486
833
370
222
582
315
211
105
76
100
401
201
662
197
320
340
764
983
485
717
388
892
930
269
318
752
28
640
44
545
744
503
446
17
782
418
807
944
706
787
482
383
920
318
317
653
750
345
379
187
731
439
488
919
728
92
303
245
571
112
995
786
37
282
16
190
679
416
396
203
349
950
168
874
740
469
300
385
271
510
281
777
827
766
512
942
161
195
470
87
827
486
999
468
764
503
271
335
642
644
156
707
172
745
650
714
826
385
271
673
917
187
319
907
569
544
89
708
680
568
301
947
244
3
671
161
474
725
799
447
577
639
810
469
136
240
243
238
806
32
211
687
742
730
927
156
556
141
857
459
627
995
915
324
309
218
248
273
344
713
822
779
559
62
744
718
623
342
294
125
49
267
816
330
755
296
433
552
392
152
834
217
923
291
164
650
381
65
807
393
139
489
536
487
113
325
709
448
186
544
563
250
655
146
839
409
84
23
367
739
234
618
287
5
201
408
701
277
266
391
158
27
855
666
965
603
324
318
960
209
243
277
215
21
527
784
896
871
56
525
883
886
320
923
953
49
83
36
824
523
76
867
479
174
23
30
783
347
43
472
689
468
119
949
702
685
842
683
792
462
693
780
576
869
823
722
519
694
421
872
308
975
956
832
915
141
884
465
532
415
723
525
89
233
539
872
856
862
455
10
846
72
515
193
765
78
875
374
565
791
971
486
283
453
595
835
229
542
697
878
496
946
676
613
696
422
935
516
537
645
511
75
416
6
874
789
428
736
275
329
735
373
464
568
536
643
870
143
751
434
486
797
270
883
43
205
130
544
657
688
4
151
881
812
539
998
87
779
213
719
350
138
99
660
553
974
912
650
18
998
855
747
305
264
387
831
584
321
412
834
170
919
637
754
411
334
637
9
546
738
713
870
670
332
696
738
518
179
252
125
918
562
739
164
924
223
645
3
141
82
129
600
382
565
837
599
443
321
503
632
12
795
716
622
587
989
782
633
977
54
985
526
709
546
825
229
980
963
797
561
438
377
924
418
475
987
38
957
819
828
325
398
370
32
677
662
39
618
552
988
434
50
631
686
136
343
198
365
695
260
408
761
26
64
68
724
653
933
132
537
479
301
124
930
882
804
630
408
0
625
260
917
580
498
696
609
123
899
132
95
447
829
230
574
160
201
853
248
630
667
157
25
920
70
340
229
554
648
275
570
163
582
53
532
38
256
443
248
166
68
945
442
29
460
404
182
733
325
655
710
914
137
252
285
722
689
117
268
180
79
926
970
989
324
149
424
106
602
843
625
18
861
772
727
442
721
80
59
51
119
257
435
310
477
597
711
812
458
283
778
385
121
979
104
190
81
102
820
976
210
109
767
619
229
908
83
882
147
858
312
987
127
59
675
161
160
944
119
419
939
848
675
7
909
143
81
563
251
39
595
125
222
589
571
358
873
397
290
339
193
56
542
42
110
85
809
210
621
891
293
368
2
859
215
858
426
320
878
575
307
227
294
482
288
514
781
371
760
316
992
435
589
301
930
712
24
27
430
623
811
622
398
638
977
704
793
373
969
669
220
574
114
307
308
886
865
633
614
278
867
128
11
185
355
251
867
677
160
617
826
40
412
948
547
629
623
964
966
312
832
722
373
583
106
261
770
503
243
774
834
2
130
677
890
823
0
594
575
630
475
949
262
496
407
788
985
794
280
231
143
586
649
343
648
31
668
498
709
19
251
62
176
729
835
139
205
2
279
605
683
650
742
584
195
560
830
850
292
806
16
70
968
652
777
6
689
785
250
487
178
882
156
971
281
338
556
132
182
219
669
78
113
450
752
257
72
729
84
994
281
230
616
887
553
347
157
240
634
849
814
805
842
169
181
906
325
994
854
395
197
360
534
837
788
528
922
868
878
686
266
590
65
314
28
697
589
825
336
548
15
1
242
731
455
61
962
267
642
234
650
287
52
533
963
563
420
811
404
205
177
598
686
826
244
185
236
209
508
55
377
270
652
210
520
46
734
171
444
296
267
786
583
338
557
494
906
635
834
269
996
525
448
809
822
379
162
274
539
166
652
764
473
121
61
452
724
963
245
192
497
316
807
873
535
860
840
920
174
561
168
652
262
171
17
98
101
13
305
590
65
116
60
853
295
61
678
886
179
661
169
816
219
305
321
959
265
937
771
310
167
971
95
897
440
516
8
772
735
520
564
592
696
640
402
598
999
97
157
488
38
889
513
162
681
33
298
816
264
712
67
190
905
482
373
321
167
586
579
746
466
360
432
48
85
743
991
897
437
357
657
957
313
883
5
889
108
880
858
125
957
647
342
277
595
680
532
932
314
256
284
854
891
864
320
877
565
586
536
882
241
494
966
980
689
992
454
812
608
545
894
900
951
475
800
790
285
268
36
840
78
656
903
349
891
621
364
895
117
792
565
123
869
427
426
98
581
179
757
626
925
937
756
755
93
25
664
211
817
626
530
720
134
363
450
431
347
40
516
919
516
599
655
536
127
541
442
281
908
302
1
382
612
19
307
423
510
661
590
800
58
723
672
294
130
28
231
692
628
96
695
904
379
487
771
655
246
611
943
622
46
663
487
799
623
326
75
875
214
726
841
968
418
831
434
210
204
994
614
752
274
912
934
838
675
664
608
118
682
47
551
953
44
973
249
614
809
839
960
865
658
676
161
394
661
29
273
843
423
455
774
138
24
449
33
561
957
898
737
863
707
399
497
671
487
54
585
425
397
354
369
340
763
235
378
592
163
137
774
688
517
355
548
739
268
566
529
232
1
666
756
881
409
739
692
619
838
169
218
176
747
58
188
361
220
603
861
51
525
215
162
692
165
719
811
601
124
316
803
799
322
366
773
845
495
350
160
114
740
374
908
913
972
330
849
929
534
527
47
594
868
54
262
817
151
188
429
427
28
730
333
595
814
382
59
529
616
4
599
253
244
730
188
283
818
715
729
999
64
445
140
929
549
333
607
594
395
714
336
606
662
748
404
180
355
579
954
30
874
180
905
306
625
796
954
854
477
928
874
609
99
940
568
936
736
484
765
956
589
140
348
985
603
537
124
727
662
999
395
930
963
557
209
705
325
978
740
489
149
450
511
155
997
204
924
941
972
224
422
809
497
35
559
311
567
402
645
421
427
303
175
186
637
131
37
589
463
938
261
917
626
157
239
378
23
597
31
798
726
922
33
596
706
486
654
358
667
68
588
334
506
515
339
68
842
835
345
592
604
859
97
905
93
805
458
388
579
685
91
168
329
877
234
49
558
387
35
307
911
921
459
74
118
939
907
885
640
746
507
203
356
814
872
285
579
791
401
241
138
463
752
598
940
276
968
100
792
500
614
115
872
140
904
228
527
868
179
867
371
118
268
326
157
417
736
736
823
592
440
562
44
903
382
295
726
982
240
293
94
431
506
109
901
690
879
365
636
865
919
298
494
829
429
304
305
105
152
794
497
207
683
531
572
752
582
552
490
687
795
165
962
945
938
234
546
212
464
691
690
730
851
675
755
848
230
545
521
483
559
777
596
148
445
145
496
477
72
641
917
799
343
115
892
882
959
308
467
963
624
442
845
94
33
202
311
765
250
593
708
758
1
242
702
263
577
463
634
397
21
296
471
465
118
144
457
32
893
24
380
541
674
23
370
302
417
703
493
89
446
951
363
937
632
995
784
304
383
375
983
580
745
773
879
808
567
690
838
415
385
305
135
358
109
815
53
746
58
993
207
699
612
264
134
343
801
695
905
749
303
714
48
786
84
342
246
697
614
120
720
81
225
541
239
142
7
440
676
830
381
181
cases 6
case 0 15 15
15.5
31.5
47.5
63.5
79.5
95.5
111.5
127.5
143.5
159.5
175.5
191.5
207.5
223.5
239.5
case 1 100 100
1.5
3.5
5.5
7.5
9.5
11.5
13.5
15.5
17.5
19.5
21.5
23.5
25.5
27.5
29.5
31.5
33.5
35.5
37.5
39.5
41.5
43.5
45.5
47.5
49.5
51.5
53.5
55.5
57.5
59.5
61.5
63.5
67.5
71.5
75.5
79.5
83.5
87.5
91.5
95.5
99.5
103.5
107.5
111.5
115.5
119.5
123.5
127.5
131.5
133.5
135.5
137.5
139.5
141.5
143.5
145.5
147.5
149.5
151.5
153.5
155.5
157.5
159.5
163.5
167.5
171.5
175.5
179.5
181.5
183.5
187.5
191.5
195.5
197.5
199.5
201.5
203.5
205.5
207.5
209.5
211.5
213.5
215.5
217.5
219.5
221.5
223.5
225.5
227.5
231.5
235.5
237.5
239.5
241.5
243.5
245.5
247.5
249.5
251.5
253.5
case 2 37 37
3.5
7.5
11.5
15.5
23.5
31.5
39.5
47.5
55.5
59.5
63.5
71.5
79.5
87.5
95.5
103.5
111.5
119.5
127.5
135.5
139.5
143.5
151.5
159.5
167.5
175.5
183.5
191.5
199.5
203.5
207.5
215.5
223.5
231.5
239.5
247.5
251.5
case 3 100 100
6.5
14.5
22.5
26.5
30.5
37.5
45.5
49.5
53.5
61.5
68.5
72.5
76.5
80.5
84.5
88.5
92.5
96.5
100.5
104.5
108.5
112.5
116.5
120.5
124.5
131.5
139.5
147.5
151.5
155.5
162.5
170.5
178.5
182.5
186.5
193.5
201.5
205.5
209.5
217.5
221.5
225.5
229.5
233.5
237.5
241.5
249.5
256.5
260.5
264.5
268.5
272.5
276.5
280.5
287.5
291.5
295.5
299.5
303.5
311.5
318.5
326.5
330.5
334.5
338.5
342.5
346.5
350.5
354.5
358.5
362.5
366.5
370.5
374.5
381.5
385.5
389.5
393.5
397.5
401.5
405.5
412.5
416.5
420.5
424.5
428.5
436.5
443.5
451.5
455.5
459.5
463.5
467.5
471.5
475.5
479.5
483.5
487.5
491.5
495.5
case 4 63 63
6.5
14.5
22.5
30.5
37.5
45.5
53.5
61.5
68.5
76.5
84.5
92.5
100.5
108.5
116.5
124.5
131.5
139.5
147.5
155.5
162.5
170.5
178.5
186.5
193.5
201.5
209.5
217.5
225.5
233.5
241.5
249.5
256.5
264.5
272.5
280.5
287.5
295.5
303.5
311.5
318.5
326.5
334.5
342.5
350.5
358.5
366.5
374.5
381.5
389.5
397.5
405.5
412.5
420.5
428.5
436.5
443.5
451.5
459.5
467.5
475.5
483.5
491.5
case 5 200 200
6.5
10.5
14.5
18.5
22.5
30.5
37.5
45.5
49.5
53.5
57.5
61.5
68.5
72.5
76.5
80.5
84.5
88.5
92.5
96.5
100.5
104.5
108.5
112.5
116.5
120.5
124.5
131.5
139.5
143.5
147.5
155.5
162.5
166.5
170.5
174.5
178.5
182.5
186.5
193.5
197.5
201.5
205.5
209.5
213.5
217.5
221.5
225.5
229.5
233.5
237.5
241.5
245.5
249.5
256.5
264.5
272.5
276.5
280.5
287.5
295.5
303.5
307.5
311.5
318.5
326.5
330.5
334.5
342.5
346.5
350.5
354.5
358.5
362.5
366.5
374.5
381.5
389.5
397.5
405.5
412.5
420.5
428.5
436.5
443.5
451.5
455.5
459.5
467.5
471.5
475.5
479.5
483.5
487.5
491.5
495.5
499.5
506.5
510.5
514.5
518.5
522.5
526.5
530.5
537.5
541.5
545.5
549.5
553.5
557.5
561.5
568.5
576.5
580.5
584.5
592.5
596.5
600.5
604.5
608.5
612.5
616.5
620.5
624.5
631.5
639.5
647.5
655.5
662.5
666.5
670.5
674.5
678.5
686.5
693.5
701.5
705.5
709.5
713.5
717.5
721.5
725.5
729.5
733.5
737.5
741.5
745.5
749.5
756.5
760.5
764.5
768.5
772.5
776.5
780.5
787.5
791.5
795.5
799.5
803.5
807.5
811.5
818.5
822.5
826.5
830.5
834.5
838.5
842.5
846.5
850.5
854.5
858.5
862.5
866.5
870.5
874.5
881.5
889.5
897.5
905.5
912.5
920.5
924.5
928.5
936.5
943.5
947.5
951.5
955.5
959.5
963.5
967.5
971.5
975.5
979.5
983.5
987.5
991.5
995.5
