streams 3
stream 0000000000001571 20
c96d191cf6f6aea6
401f7ac78bc80f1c
b5ee8cb6abe457f8
f258d22d4db91392
04eef2b4b5d860cc
67a7aabe10d172d6
40565d50e72b4021
05d07b7d1e8de386
8548dea130821acc
583c502c832e0a3a
4631aede2e67ffd1
8f9fccba4388a61f
23d9a035f5e09570
8b3a26b7aa4bcecb
859c449a06e0302c
db696ab700feb090
7ff1366399d92b12
6b5bd57a3c9113ef
be892b0c53e40d3d
3fc97b87bed94159
stream 00000000012bd6aa 20
be9e17ac5f7aa250
9147352c11ac51b4
461abc7cb2e407a8
72880a914f9270f6
3c1a16d5e46045fe
048a125991e38810
5542b12e72ba1b42
58a3949852ceb3f7
359a5d489a4e1c88
9bde4d3923fe9afb
8862cca362b20d3a
61351055372d7fe2
67bbe958d81d99c1
b122dc20e6449d23
981a89a46f10878d
11f9f537abdc9bc5
602616acefb98e4c
f84cd2b9ecb25de5
1d867fa7e4d3272a
768ef5276e4aa8d7
stream 000000003cbb2587 20
0a1201047726b1f8
aa1081e13f39dd5e
5c238888088946e7
1414f7879d1ad677
29f7bcbfd636e600
f71f400206666152
2563f67eb8794eb4
277a1fcb7c175553
f91e1e82f210fa12
a4010db2547cc010
b971ed6e6bdb3f5a
9f3948280a2c36a2
5350919c645192e5
932635109b491440
05ba352411ab5e02
1230186d01450405
f12a033bffa1499d
7bab9ee0a32c4e5c
a17e23d8e9fc7c14
bf00e8f6f79311de
uniforms 3
uniform 000000003cbb2587 8000000000000001 24
5350919c645192e5
05ba352411ab5e02
1230186d01450405
7bab9ee0a32c4e5c
24bbbe01cbb45691
20f2e77295367db4
40e95253968d3a28
5f97a7be95fd7db8
674cd23e4e590cf2
17ae7335e5584a91
153578ce04e77e89
154bf17ca74b94ba
1cadd8a89ff625d5
04a1c9196aab0a97
790d192f2027f688
2dc19cb000317b73
58a61a076088683a
7f8b280f4b1f6894
325b46be4f6bba7b
1c5a9238097e401d
5410df988b0eed52
56c27973fa6b2712
56482a20b9fe2704
58a6cd5faf732e99
uniform 000000003c88596d 0000000000001000 24
0000000000000276
0000000000000718
00000000000006b8
000000000000018f
00000000000007d0
0000000000000643
0000000000000765
0000000000000da7
00000000000009ea
0000000000000ae7
00000000000005ee
0000000000000aef
0000000000000f91
0000000000000b6e
00000000000002b1
00000000000009d2
00000000000007c1
0000000000000815
0000000000000e80
0000000000000672
0000000000000fa1
0000000000000839
0000000000000906
00000000000007c2
uniform 000000003ca1bf7a 0000000000000003 24
0000000000000001
0000000000000001
0000000000000001
0000000000000001
0000000000000002
0000000000000002
0000000000000001
0000000000000002
0000000000000001
0000000000000001
0000000000000000
0000000000000000
0000000000000001
0000000000000000
0000000000000001
0000000000000000
0000000000000001
0000000000000000
0000000000000000
0000000000000001
0000000000000000
0000000000000002
0000000000000002
0000000000000002
permutations 10
permutation 0 1 17
0
1
2
3
4
5
6
7
8
9
10
11
12
13
14
15
16
permutation 1 1 17
8
15
11
6
12
14
1
4
9
13
16
10
3
5
7
2
0
permutation 3 1 17
5
6
15
12
3
7
4
1
16
13
9
8
11
14
0
10
2
permutation 1 1 1
0
permutation 1 1 2
1
0
permutation 1 1 313
266
94
224
134
33
218
159
149
50
21
16
131
40
225
144
56
39
158
76
109
227
130
231
7
83
91
288
54
13
222
229
278
270
139
155
126
97
207
133
206
88
238
217
258
220
160
162
58
51
254
127
176
38
304
147
249
232
59
272
18
234
253
264
172
202
11
263
242
250
188
105
57
96
142
72
77
265
293
247
275
81
285
294
174
260
42
212
307
165
277
6
221
268
75
163
298
181
191
284
310
46
110
309
85
306
112
136
305
143
213
257
246
44
167
22
189
116
255
101
244
204
173
125
20
201
248
208
267
245
93
52
123
108
276
287
168
117
283
252
295
128
10
138
60
223
9
113
300
114
137
32
37
230
256
84
164
166
115
118
104
145
146
79
157
63
87
211
303
61
301
48
25
180
71
107
148
185
205
200
47
262
289
121
80
78
274
215
132
210
15
312
183
291
31
161
119
30
5
92
280
150
26
29
199
299
67
239
8
73
4
45
182
17
290
154
179
64
240
171
169
184
49
1
62
302
27
43
141
282
194
66
86
98
90
259
0
151
19
308
235
111
198
195
34
35
3
286
209
192
170
36
190
237
177
14
129
269
197
281
135
41
89
193
279
95
251
120
24
178
68
214
152
241
228
70
297
296
28
122
140
124
23
69
55
203
261
99
53
186
271
74
216
187
233
292
219
156
65
226
236
175
12
102
196
106
273
243
82
2
103
311
100
153
permutation 2 1 2003
723
976
1066
1504
1300
1567
351
1131
662
616
300
429
667
773
1593
849
1024
124
1801
1840
1765
1563
1682
1618
1128
753
778
737
245
1528
681
1762
1631
1401
24
761
1623
698
831
1249
414
1751
199
77
1796
1451
624
1496
593
611
1478
665
1452
1475
1822
86
1030
476
1712
492
1353
1459
911
497
1668
541
1924
1511
1448
700
1267
958
932
306
1156
1928
508
1056
1175
1634
583
560
1970
793
1756
1283
32
1769
1413
1
1088
348
1645
305
222
1081
690
1021
1406
1043
1723
884
536
297
200
1095
117
149
830
1403
1727
1909
104
614
1724
1780
1525
1028
94
1359
1345
405
1332
1330
2000
1708
1449
502
128
663
683
1874
176
116
1722
1958
1717
840
1491
914
1628
1838
1981
1884
1604
986
1569
557
1766
892
265
459
1352
1648
122
658
1934
748
1626
1646
1847
1506
666
685
1275
1711
1824
230
145
1703
50
1977
1967
1568
1152
870
579
164
1462
1927
1580
396
702
1479
387
1552
1153
1204
1749
1307
422
1685
1490
747
1936
30
638
141
126
150
158
1663
22
483
242
1649
610
960
1880
1980
1441
493
1548
12
822
1894
1972
582
566
763
780
889
125
291
386
609
1274
631
1854
1602
1939
41
1590
964
1809
1670
1741
842
1819
380
256
177
1171
1815
464
802
577
345
760
471
354
1137
604
1369
27
873
1306
1344
565
779
1094
1173
479
963
809
982
1573
1538
105
446
40
1982
806
1111
1337
1453
1099
1340
1193
1278
1948
271
820
749
1501
438
750
65
211
943
1148
1388
184
539
1529
1687
34
766
1417
1959
1899
373
1298
11
1422
1786
1829
708
827
608
1187
1895
1313
591
942
1734
1455
646
641
1791
1954
559
412
510
1058
931
1750
1065
1706
249
109
1110
1851
1866
183
1396
1100
460
1799
695
1161
1551
688
1419
1420
1675
1122
1868
1381
1698
1194
92
366
210
365
1956
923
1357
1277
204
23
1358
781
29
1546
772
1461
1416
620
1531
334
1993
1583
677
1562
721
866
675
1828
1689
1963
1215
409
682
1669
954
1394
1558
16
596
768
1656
463
1691
734
526
1920
1591
88
1775
1327
1450
570
1707
1768
1077
44
1199
836
10
491
423
707
226
993
285
276
1536
1318
1458
1730
1787
1789
277
1926
1556
1415
1621
349
1075
1158
853
1399
1218
917
1731
82
1437
1849
1225
1438
101
1803
824
103
1725
601
728
1423
501
1463
1064
441
134
1543
1594
643
1049
1119
1443
1845
403
770
503
1384
858
804
424
1157
1154
1808
1747
1365
1498
248
969
33
998
246
640
1118
1757
329
1040
1671
1393
519
212
946
1612
1869
480
883
1893
1844
309
1220
110
847
647
324
1586
468
765
1460
1004
259
1147
139
1025
114
877
684
1810
1891
450
926
87
1989
1467
1965
1309
623
1382
817
325
841
1216
1221
1106
1945
991
1978
876
384
1721
815
1901
538
1876
1251
977
1836
868
71
1240
1949
1661
1699
355
1999
73
400
1885
558
240
1512
1517
154
392
722
1302
634
1245
1527
711
1224
1640
767
786
1630
606
794
1308
792
880
635
1170
949
1151
1010
1107
266
813
1650
751
1745
1314
509
196
253
909
417
846
379
432
457
1932
1202
208
1983
1997
185
1495
542
1522
589
1553
264
1432
1228
1679
1363
296
1516
1294
1600
1289
838
1588
1777
439
194
725
1389
398
1485
697
696
1002
860
1373
171
1940
1200
1864
575
1493
1660
692
1184
1436
1155
1507
746
1863
881
1521
803
613
1482
1846
1655
924
201
1886
518
1235
1700
455
1347
1535
1083
340
1370
292
1027
1632
627
756
1390
252
70
971
1219
1409
672
905
1019
1145
236
906
216
1431
151
1045
1011
1860
133
1835
1974
769
1910
1133
1738
1896
689
800
1839
996
1376
757
1076
912
1191
602
1093
1857
952
1489
147
1622
1377
1129
1714
1715
527
90
1533
1259
1444
1906
1439
1693
988
1387
865
189
1557
872
1124
1070
1246
1986
1966
718
404
467
1091
328
239
406
7
64
280
1474
1964
1962
1055
1985
307
96
563
1243
655
131
1057
995
1502
1843
1123
1705
310
1115
1647
279
173
227
229
1930
281
1048
980
37
1813
1116
1042
102
1060
882
1113
209
1103
98
1230
571
1848
910
867
628
523
1209
1471
592
1041
1250
1001
1003
957
314
224
1470
1855
295
390
848
67
1407
1022
1080
321
1987
218
371
225
783
1990
752
1188
1684
445
474
18
1375
258
453
1361
719
393
821
338
91
578
1050
564
1214
651
521
99
1144
1346
618
153
1878
1084
430
1039
531
951
1955
678
1550
431
206
315
1385
286
1012
1163
79
712
1181
1237
1664
513
844
1508
100
341
1865
484
1405
1301
788
630
922
167
568
1979
294
1947
1421
1098
1907
440
1398
289
1821
1753
49
1537
1776
1477
1223
999
1323
1798
1299
496
192
1942
113
789
1168
950
490
574
323
731
812
1694
535
376
879
434
607
382
31
188
1339
562
1032
1823
14
861
979
407
657
257
1585
377
629
352
1595
1349
1605
1162
419
1654
590
344
1690
1778
505
1889
869
939
639
1800
1549
1830
1164
885
1770
1198
1807
1374
19
900
551
945
1288
1052
1114
898
1653
1658
127
953
1638
232
1805
561
179
1102
947
1023
42
1265
1487
1183
901
549
1016
498
1126
389
1729
632
797
1497
362
959
1931
448
119
45
162
599
886
1720
1625
730
1343
1991
425
1104
461
553
1097
929
121
111
1918
1074
654
1190
1853
1897
317
1526
1613
974
758
322
247
1617
1883
528
56
1435
1281
39
1544
1592
142
1392
275
1831
1445
1320
1429
1856
516
80
762
956
462
1559
267
427
435
1542
1165
1135
1284
1120
1903
1312
1570
1121
1257
1704
920
205
0
76
165
1534
1811
140
1061
1915
918
733
499
112
472
97
1266
320
668
1659
670
1944
449
456
653
650
436
913
47
1427
816
810
826
1466
311
829
1619
486
1005
1514
500
1082
1203
313
694
1212
233
1908
1324
1034
1205
621
383
1888
146
1680
642
1941
1783
1518
1817
850
669
443
967
312
1087
603
714
331
1366
333
1263
282
1468
1378
529
51
1688
1850
1007
1009
1825
415
1336
1710
1832
1610
170
585
835
1937
1933
381
1276
787
1256
137
1008
1879
888
1433
1513
1456
796
157
420
1968
369
1961
524
648
755
361
839
966
1316
1206
1887
968
1000
948
1035
1132
693
43
1150
135
556
1192
1606
1761
1355
771
68
120
1925
364
1167
1657
703
418
372
1794
203
1362
1068
656
921
997
5
1371
1037
686
1872
136
53
215
25
1295
1207
955
1248
1383
391
168
290
401
78
221
357
1291
1071
1584
1338
1112
13
1742
336
1905
1917
1364
594
1560
1718
687
1816
530
837
298
1859
1213
1772
1500
62
1950
374
1735
989
544
1434
1744
1285
36
182
1177
1665
1072
1488
856
930
1386
1134
1430
617
1795
1581
807
397
1494
897
1078
1334
1138
1892
1492
255
1695
915
1217
1029
936
644
1425
1515
421
1397
1802
1410
1946
408
1733
514
1026
274
1971
961
482
1329
1342
1637
488
178
745
1196
107
272
808
1020
506
637
1882
1127
1737
517
1914
159
169
1643
93
987
1341
143
1178
1752
202
1651
823
727
507
262
172
399
175
219
1790
619
1929
358
1785
717
1530
1587
17
1994
1911
992
744
346
342
1834
645
554
1038
1141
1296
181
1335
664
1073
1760
1367
318
1837
863
1054
244
26
356
152
1852
1222
1644
1315
1820
805
1952
69
1666
129
1509
410
251
1303
537
161
1953
1873
1995
190
1242
1716
784
388
739
269
1599
234
1172
95
1140
1973
1547
1411
1469
1763
1208
1424
814
1812
301
1877
115
985
75
1254
1867
1286
454
1904
132
825
1047
862
1881
1067
4
60
2002
1975
1046
612
738
1280
874
1841
799
1564
54
600
494
1561
21
1262
1238
1400
1454
1322
704
316
1503
1784
1639
1702
273
1186
1105
533
327
1614
487
1059
1779
1673
231
801
1674
1063
1793
1692
1051
1871
495
489
187
1764
1505
994
1499
1726
46
598
1804
1348
1686
552
302
1938
543
1788
72
108
1943
1328
1633
1746
363
1233
416
916
347
933
981
1360
84
1486
61
919
1211
546
197
1269
706
238
106
983
1792
83
975
1006
938
965
1412
864
1092
1053
859
214
1311
584
1464
1325
576
580
1210
326
1174
1014
736
625
776
1627
57
1069
1231
28
573
367
522
785
854
1018
1748
470
1524
1426
330
426
1922
1589
1465
1270
1044
458
299
270
871
742
63
477
1268
1676
973
511
1036
123
782
720
581
1483
243
15
469
970
66
1902
303
1179
1870
1709
1481
1984
713
1596
699
2
1234
1616
1520
52
1862
1197
1273
855
1900
732
1130
1446
1229
548
473
1319
818
540
798
1031
332
1146
894
908
1292
735
899
680
595
1136
1143
1142
191
261
1951
335
819
504
395
896
1782
935
485
1236
791
978
1912
1833
1090
1380
1253
1579
586
1636
1575
1890
887
834
1773
875
213
304
1255
716
35
1519
413
118
1641
48
1356
1408
452
567
990
1611
293
1781
903
1472
1806
845
1678
1827
588
478
775
1545
569
375
878
1992
1297
1739
1916
1304
1635
1510
1603
1160
587
1241
1697
1554
1326
1540
790
1351
1264
673
1279
81
679
1195
671
1582
1305
85
156
155
895
55
1013
1998
160
972
447
283
481
726
1227
1473
649
1755
984
1447
411
394
1232
1321
1572
774
89
1260
705
1818
180
260
1601
1732
1826
962
1109
1677
743
1736
1713
1457
1541
1672
1015
532
1317
1662
1919
1271
1923
740
1608
1624
795
237
148
811
1683
1555
250
1615
1418
715
1652
674
284
857
8
337
1166
278
893
520
615
58
1442
759
1597
676
729
891
1017
534
38
1180
1620
1226
934
444
339
2001
597
319
1771
1402
828
220
1096
198
1185
1532
572
515
1395
217
1244
626
944
1921
710
1108
1566
525
1428
385
1189
186
163
1681
709
1740
940
1957
777
890
428
1379
437
512
1182
652
1372
941
1565
1293
1085
1523
691
1598
1079
433
1754
1176
545
1629
1368
465
1577
6
1261
466
1642
74
832
661
350
1089
130
268
1767
254
1976
1607
442
359
1287
1719
1331
370
1404
1391
1354
1758
3
927
368
1350
1247
633
1476
1149
1696
1480
1578
928
1272
228
1539
308
1759
701
1861
1201
1728
904
263
195
1988
20
1574
287
1969
475
1913
343
378
1101
1576
402
1774
353
144
193
1743
288
764
622
9
724
1239
1858
166
1814
741
1169
1797
1960
1062
833
852
550
1282
754
1310
605
1290
138
1571
1875
1609
451
1125
1440
636
1935
1414
1667
925
659
937
1258
1996
660
1333
235
1252
907
1159
207
360
59
1139
1033
223
1898
1086
851
1117
1842
902
555
1484
1701
843
547
174
241
permutation 3 1 2003
104
566
504
950
1376
1993
560
195
1056
1313
2000
1427
360
305
1570
129
1706
1675
806
982
236
1499
442
975
1553
877
772
179
1024
618
1338
205
1394
97
485
89
1206
350
1724
762
911
1017
352
750
449
1480
1541
1073
655
634
899
1320
1169
1891
479
96
550
1949
227
1367
85
410
1538
1669
210
100
1181
1917
949
1714
1711
587
474
90
1243
1740
621
1890
3
1945
614
897
66
1882
243
1232
1131
1932
1898
409
1106
1305
1573
1601
790
395
1978
1967
272
563
929
1693
1564
1271
194
1561
894
548
691
1803
583
796
503
373
547
581
252
1116
1565
1562
709
871
979
1343
1729
1346
30
976
1472
781
371
865
1542
125
439
1771
1240
1621
1928
663
1655
105
909
1555
343
43
1205
384
1965
1113
40
616
1221
1433
2
1879
1962
403
638
405
1477
404
1814
1548
120
1183
1360
1310
1646
1442
725
1138
1862
231
1419
1994
742
1039
446
969
526
322
1774
1241
1153
922
1686
698
829
489
1434
1371
1299
1292
132
202
1951
1748
443
429
389
1925
873
1672
841
538
109
1727
1088
204
1563
1860
1887
770
1894
1105
695
302
1582
1147
390
783
637
208
515
884
1881
1096
833
1327
1716
306
872
756
832
317
1182
1806
1984
539
1997
924
24
15
1132
1591
476
811
1858
773
1186
1848
368
593
1306
1139
1519
1421
379
823
341
903
1863
1853
500
1170
435
1229
532
862
62
1380
1916
874
754
307
828
846
1190
1145
1712
963
1185
1954
238
1250
1990
393
1215
689
1040
755
678
1136
1115
951
1577
1793
910
1297
1429
103
334
1759
1316
484
77
1931
1522
1213
965
475
1369
1389
1135
1478
1037
760
885
510
908
764
41
414
1349
1659
1336
718
508
419
869
1611
617
1725
590
1365
1281
1498
844
374
206
1847
115
521
1119
1956
1020
690
1391
1416
1000
1762
1155
1585
1482
1959
1200
571
314
942
1322
920
51
693
1973
1333
626
1051
859
569
1635
1420
1188
71
91
441
1828
1258
851
1018
1298
1409
1552
432
778
29
1999
330
1854
1717
613
1617
255
959
1490
700
118
1026
488
245
1615
450
1315
926
824
339
1852
1734
491
1415
1016
1144
260
1426
1195
235
1800
988
1799
648
1455
1300
776
278
1982
1312
106
1736
1769
1513
816
361
266
1192
533
1102
1690
1227
1953
1676
1358
1765
1666
531
452
1516
1598
1089
602
228
1014
716
248
913
1207
396
1536
1417
1248
1651
740
285
1632
1387
1918
803
1885
1827
1097
850
552
370
1752
17
1713
1176
376
928
448
1642
554
418
1435
199
481
259
957
1981
1203
1086
1201
1593
1770
1961
271
280
739
408
1808
1523
124
1524
94
835
766
788
1996
1100
1342
163
1571
1547
545
1913
284
1821
1353
1971
1352
1654
918
1486
1757
1262
47
1191
1007
995
1184
1473
1899
1372
1920
1930
145
1032
1146
681
1397
658
469
1251
1245
1892
1212
381
1656
128
113
76
1682
1178
745
300
1753
251
643
534
1950
336
1149
1015
33
174
159
309
757
624
761
826
964
1489
1126
1244
1833
1033
1907
1319
1179
1921
1838
318
1506
748
1166
505
78
282
406
1906
83
1649
842
1111
723
1381
1099
1324
436
1929
1851
794
1545
1412
546
1742
945
1955
1471
631
1556
1438
1941
1257
1580
304
1581
749
1239
1058
1568
1721
1911
1294
1356
1068
1963
1171
1919
1288
225
230
1402
1830
1657
1449
19
1197
1204
635
1530
692
49
1154
577
1468
1784
490
729
437
1103
1293
244
451
1156
1846
1732
669
1396
657
1758
1265
73
1386
808
1078
1730
1526
181
1385
1254
615
599
506
1140
883
1448
680
102
1413
1948
298
592
1497
998
121
1218
1512
1603
1444
1064
528
1707
1933
27
958
72
1627
1726
1052
582
1586
1566
849
196
827
892
355
1193
1378
1092
216
1085
1379
229
813
1167
1779
939
150
1576
1652
257
1189
175
168
1255
1492
378
1158
213
1619
520
601
751
131
1970
1612
1093
1234
1451
221
549
173
1539
431
1198
1773
1590
917
604
107
1128
1481
523
1952
1005
1162
249
1691
699
733
1708
1087
1902
1001
1194
1610
279
114
1893
293
1237
366
233
1935
1670
659
2001
553
746
337
1977
1318
1456
559
246
651
676
1046
555
1487
1896
1276
1518
584
1159
1639
421
1915
275
1034
875
1864
662
1633
332
682
1091
736
787
1840
1755
671
984
660
351
1247
993
1636
1792
527
1383
675
480
493
262
58
1249
426
1515
1013
814
1002
997
1756
1012
1704
820
706
25
472
1968
188
799
986
1053
1446
1470
112
6
1425
1296
1452
292
758
81
444
1607
369
752
1065
502
1801
1211
1668
1009
239
48
1794
1629
101
730
1815
914
156
9
320
1282
1537
1596
1667
607
731
1432
650
1263
1543
1141
277
726
980
241
1829
1940
1822
1602
1824
367
1220
1359
804
461
580
1465
171
1857
1991
312
1269
1876
1022
728
789
1042
639
1466
423
898
111
1760
777
518
1867
996
123
714
878
974
1835
1222
1133
1699
1825
537
791
398
734
1546
18
1889
707
1807
596
990
522
588
400
1587
1124
1901
839
1028
732
1723
1777
1165
978
805
1283
1761
313
960
362
1006
2002
1574
261
269
1323
1350
357
222
1242
290
1859
1339
1462
237
247
1314
207
1648
775
627
1
139
1393
1004
847
460
382
180
807
459
42
10
572
264
576
605
1677
1873
1437
1608
310
347
495
1150
141
1177
1517
1560
116
1074
798
1295
397
201
299
151
1575
1943
1839
478
4
946
1331
1606
1696
1976
738
1944
585
169
702
1631
1321
1495
1443
1027
1866
1588
1157
1558
191
1029
854
445
1737
891
134
562
1903
456
514
1966
1694
589
685
119
1683
1123
328
82
224
1173
1662
1783
1620
1832
223
1613
424
234
900
1643
1844
1910
1567
498
649
653
1066
1681
162
705
142
487
992
1599
157
779
1628
1351
517
747
354
966
267
1674
364
1855
1453
1428
1644
793
1710
720
154
152
744
288
477
867
1302
1680
186
1223
1557
1209
713
983
1447
1230
1202
809
952
1912
1107
348
375
1664
326
1400
1035
1834
1798
1044
220
471
340
1057
935
1063
274
737
1678
1109
1090
591
1104
893
1592
1936
161
1137
802
1791
767
1440
812
412
344
1595
1019
933
1129
1529
800
1520
1532
1527
1818
985
567
1609
1236
254
1494
1697
303
1875
1597
664
32
741
494
422
727
1616
265
625
416
1985
1583
1049
95
1075
497
177
866
594
263
1289
1796
108
1253
1722
1660
1695
1439
5
557
1640
1355
967
1673
1888
1266
579
864
1148
1658
1618
240
1217
1692
158
26
1624
1700
39
1108
711
268
881
1764
961
143
1122
149
1768
1038
1031
147
1485
211
1264
1403
1388
1559
468
1030
665
953
14
670
1534
1354
1836
934
1114
155
1390
708
1045
1715
316
16
1406
1484
1025
117
1528
923
1311
848
1431
1347
165
956
388
904
1535
1531
1841
473
1922
784
1252
717
315
1340
1782
1719
1942
543
860
467
1884
1036
1938
1733
876
1927
1279
1750
1373
819
1216
629
1731
1533
126
1382
868
1594
818
1233
166
438
1904
1361
486
1501
365
666
1702
1842
970
710
291
401
447
931
641
1062
609
1445
1679
1905
535
1259
482
880
837
955
1983
1357
1225
1094
1151
1392
430
319
1348
507
968
1079
1786
516
792
782
499
380
852
954
192
391
1364
1738
628
896
1125
1070
1508
1272
1749
465
335
636
719
1701
1326
825
1493
743
218
1789
1043
219
1270
1874
1160
1238
887
1665
99
1589
1095
56
170
345
1479
1634
1491
1809
311
1544
458
1008
1900
1630
1877
214
1780
1923
1309
938
834
999
250
640
879
1623
1751
1811
912
1872
1504
1286
1895
861
677
301
1368
296
652
324
529
1084
462
1540
1775
167
1980
1256
1163
1641
907
1291
769
1363
1401
294
1703
1422
1960
972
1878
1869
1816
12
1826
187
1246
1550
203
457
989
383
797
325
1267
1273
524
817
1924
1705
1375
551
1810
13
75
1787
888
1521
1663
925
136
810
704
1687
1303
1886
392
1436
1849
242
153
1837
349
994
402
190
1277
377
1231
1330
80
1650
895
463
921
1614
759
565
1926
622
667
253
363
1464
1467
679
1226
973
84
501
88
428
53
845
1335
1345
889
1514
703
1937
92
1410
1584
35
21
597
1325
433
1301
674
1196
886
930
1142
753
1496
1845
683
258
987
385
1127
1805
1653
329
1080
1474
1763
358
338
1797
774
454
822
1210
1164
1819
1741
1275
331
647
1698
1398
1671
1880
1011
98
148
509
1979
411
387
525
1739
668
1823
54
1098
86
394
512
55
840
1083
1112
544
68
74
1934
1964
1072
164
932
1459
464
1077
1334
1424
38
1199
1688
1972
1505
1718
44
1161
1778
1947
1988
901
916
536
686
399
1684
623
654
1604
172
684
962
1507
1992
696
1224
595
65
1989
226
215
1461
1767
20
831
146
1344
1341
1143
1214
542
209
1744
598
417
200
977
1551
570
321
540
687
197
1362
23
1278
1554
34
1274
1332
1689
212
1121
843
991
701
646
564
1908
137
283
1374
1458
1384
1957
45
712
1366
176
1260
948
1817
858
1329
60
558
856
79
63
31
70
1850
496
672
1788
902
620
1995
1745
1370
52
308
575
1720
1174
937
801
656
1509
724
1408
927
342
1404
1469
722
1600
906
110
890
771
1865
359
353
1939
130
561
857
642
160
1069
1709
1754
1638
1781
46
1502
1441
1766
645
1405
1802
36
1261
578
1082
1463
483
1117
608
1187
135
1820
1914
22
1958
941
1454
323
1578
1511
1308
1284
1076
768
455
763
64
1747
1579
673
1685
356
1175
1268
287
1290
1795
697
276
905
1510
127
853
1870
8
217
1605
633
1525
0
511
138
69
838
122
37
1328
556
333
630
821
1790
1637
1307
1208
1975
256
936
327
193
611
1483
198
425
882
1488
183
420
133
1110
1804
1572
61
1776
1180
57
1023
1883
1549
603
940
281
1407
1746
50
407
1969
1071
1475
1003
661
530
1061
1460
1772
59
1868
1067
915
1735
492
270
67
1987
1645
780
644
870
178
688
944
1152
1418
1743
721
1813
1130
470
1414
1228
386
295
574
273
715
619
1118
1411
1909
971
1081
1021
1785
1812
289
1048
1661
863
232
1055
453
1377
1500
1041
795
785
1134
413
1831
427
600
1101
513
1337
1219
947
286
1503
1168
1010
7
1059
372
815
189
182
1172
836
11
1430
1647
1946
144
1050
1399
1986
1861
1974
1450
1047
1856
830
1728
1871
765
1622
632
1569
568
1054
140
1626
606
541
1457
1625
735
1285
415
586
297
981
93
1476
1287
1423
1120
1897
28
943
1235
440
919
184
694
612
346
1317
1395
434
610
466
855
1843
185
1998
786
1280
1060
519
1304
87
573
permutation 1 64 2003
1536
1537
1538
1539
1540
1541
1542
1543
1544
1545
1546
1547
1548
1549
1550
1551
1552
1553
1554
1555
1556
1557
1558
1559
1560
1561
1562
1563
1564
1565
1566
1567
1568
1569
1570
1571
1572
1573
1574
1575
1576
1577
1578
1579
1580
1581
1582
1583
1584
1585
1586
1587
1588
1589
1590
1591
1592
1593
1594
1595
1596
1597
1598
1599
1664
1665
1666
1667
1668
1669
1670
1671
1672
1673
1674
1675
1676
1677
1678
1679
1680
1681
1682
1683
1684
1685
1686
1687
1688
1689
1690
1691
1692
1693
1694
1695
1696
1697
1698
1699
1700
1701
1702
1703
1704
1705
1706
1707
1708
1709
1710
1711
1712
1713
1714
1715
1716
1717
1718
1719
1720
1721
1722
1723
1724
1725
1726
1727
1088
1089
1090
1091
1092
1093
1094
1095
1096
1097
1098
1099
1100
1101
1102
1103
1104
1105
1106
1107
1108
1109
1110
1111
1112
1113
1114
1115
1116
1117
1118
1119
1120
1121
1122
1123
1124
1125
1126
1127
1128
1129
1130
1131
1132
1133
1134
1135
1136
1137
1138
1139
1140
1141
1142
1143
1144
1145
1146
1147
1148
1149
1150
1151
128
129
130
131
132
133
134
135
136
137
138
139
140
141
142
143
144
145
146
147
148
149
150
151
152
153
154
155
156
157
158
159
160
161
162
163
164
165
166
167
168
169
170
171
172
173
174
175
176
177
178
179
180
181
182
183
184
185
186
187
188
189
190
191
1728
1729
1730
1731
1732
1733
1734
1735
1736
1737
1738
1739
1740
1741
1742
1743
1744
1745
1746
1747
1748
1749
1750
1751
1752
1753
1754
1755
1756
1757
1758
1759
1760
1761
1762
1763
1764
1765
1766
1767
1768
1769
1770
1771
1772
1773
1774
1775
1776
1777
1778
1779
1780
1781
1782
1783
1784
1785
1786
1787
1788
1789
1790
1791
384
385
386
387
388
389
390
391
392
393
394
395
396
397
398
399
400
401
402
403
404
405
406
407
408
409
410
411
412
413
414
415
416
417
418
419
420
421
422
423
424
425
426
427
428
429
430
431
432
433
434
435
436
437
438
439
440
441
442
443
444
445
446
447
896
897
898
899
900
901
902
903
904
905
906
907
908
909
910
911
912
913
914
915
916
917
918
919
920
921
922
923
924
925
926
927
928
929
930
931
932
933
934
935
936
937
938
939
940
941
942
943
944
945
946
947
948
949
950
951
952
953
954
955
956
957
958
959
1344
1345
1346
1347
1348
1349
1350
1351
1352
1353
1354
1355
1356
1357
1358
1359
1360
1361
1362
1363
1364
1365
1366
1367
1368
1369
1370
1371
1372
1373
1374
1375
1376
1377
1378
1379
1380
1381
1382
1383
1384
1385
1386
1387
1388
1389
1390
1391
1392
1393
1394
1395
1396
1397
1398
1399
1400
1401
1402
1403
1404
1405
1406
1407
64
65
66
67
68
69
70
71
72
73
74
75
76
77
78
79
80
81
82
83
84
85
86
87
88
89
90
91
92
93
94
95
96
97
98
99
100
101
102
103
104
105
106
107
108
109
110
111
112
113
114
115
116
117
118
119
120
121
122
123
124
125
126
127
1984
1985
1986
1987
1988
1989
1990
1991
1992
1993
1994
1995
1996
1997
1998
1999
2000
2001
2002
192
193
194
195
196
197
198
199
200
201
202
203
204
205
206
207
208
209
210
211
212
213
214
215
216
217
218
219
220
221
222
223
224
225
226
227
228
229
230
231
232
233
234
235
236
237
238
239
240
241
242
243
244
245
246
247
248
249
250
251
252
253
254
255
832
833
834
835
836
837
838
839
840
841
842
843
844
845
846
847
848
849
850
851
852
853
854
855
856
857
858
859
860
861
862
863
864
865
866
867
868
869
870
871
872
873
874
875
876
877
878
879
880
881
882
883
884
885
886
887
888
889
890
891
892
893
894
895
1920
1921
1922
1923
1924
1925
1926
1927
1928
1929
1930
1931
1932
1933
1934
1935
1936
1937
1938
1939
1940
1941
1942
1943
1944
1945
1946
1947
1948
1949
1950
1951
1952
1953
1954
1955
1956
1957
1958
1959
1960
1961
1962
1963
1964
1965
1966
1967
1968
1969
1970
1971
1972
1973
1974
1975
1976
1977
1978
1979
1980
1981
1982
1983
1856
1857
1858
1859
1860
1861
1862
1863
1864
1865
1866
1867
1868
1869
1870
1871
1872
1873
1874
1875
1876
1877
1878
1879
1880
1881
1882
1883
1884
1885
1886
1887
1888
1889
1890
1891
1892
1893
1894
1895
1896
1897
1898
1899
1900
1901
1902
1903
1904
1905
1906
1907
1908
1909
1910
1911
1912
1913
1914
1915
1916
1917
1918
1919
512
513
514
515
516
517
518
519
520
521
522
523
524
525
526
527
528
529
530
531
532
533
534
535
536
537
538
539
540
541
542
543
544
545
546
547
548
549
550
551
552
553
554
555
556
557
558
559
560
561
562
563
564
565
566
567
568
569
570
571
572
573
574
575
1600
1601
1602
1603
1604
1605
1606
1607
1608
1609
1610
1611
1612
1613
1614
1615
1616
1617
1618
1619
1620
1621
1622
1623
1624
1625
1626
1627
1628
1629
1630
1631
1632
1633
1634
1635
1636
1637
1638
1639
1640
1641
1642
1643
1644
1645
1646
1647
1648
1649
1650
1651
1652
1653
1654
1655
1656
1657
1658
1659
1660
1661
1662
1663
1216
1217
1218
1219
1220
1221
1222
1223
1224
1225
1226
1227
1228
1229
1230
1231
1232
1233
1234
1235
1236
1237
1238
1239
1240
1241
1242
1243
1244
1245
1246
1247
1248
1249
1250
1251
1252
1253
1254
1255
1256
1257
1258
1259
1260
1261
1262
1263
1264
1265
1266
1267
1268
1269
1270
1271
1272
1273
1274
1275
1276
1277
1278
1279
0
1
2
3
4
5
6
7
8
9
10
11
12
13
14
15
16
17
18
19
20
21
22
23
24
25
26
27
28
29
30
31
32
33
34
35
36
37
38
39
40
41
42
43
44
45
46
47
48
49
50
51
52
53
54
55
56
57
58
59
60
61
62
63
1280
1281
1282
1283
1284
1285
1286
1287
1288
1289
1290
1291
1292
1293
1294
1295
1296
1297
1298
1299
1300
1301
1302
1303
1304
1305
1306
1307
1308
1309
1310
1311
1312
1313
1314
1315
1316
1317
1318
1319
1320
1321
1322
1323
1324
1325
1326
1327
1328
1329
1330
1331
1332
1333
1334
1335
1336
1337
1338
1339
1340
1341
1342
1343
960
961
962
963
964
965
966
967
968
969
970
971
972
973
974
975
976
977
978
979
980
981
982
983
984
985
986
987
988
989
990
991
992
993
994
995
996
997
998
999
1000
1001
1002
1003
1004
1005
1006
1007
1008
1009
1010
1011
1012
1013
1014
1015
1016
1017
1018
1019
1020
1021
1022
1023
1152
1153
1154
1155
1156
1157
1158
1159
1160
1161
1162
1163
1164
1165
1166
1167
1168
1169
1170
1171
1172
1173
1174
1175
1176
1177
1178
1179
1180
1181
1182
1183
1184
1185
1186
1187
1188
1189
1190
1191
1192
1193
1194
1195
1196
1197
1198
1199
1200
1201
1202
1203
1204
1205
1206
1207
1208
1209
1210
1211
1212
1213
1214
1215
640
641
642
643
644
645
646
647
648
649
650
651
652
653
654
655
656
657
658
659
660
661
662
663
664
665
666
667
668
669
670
671
672
673
674
675
676
677
678
679
680
681
682
683
684
685
686
687
688
689
690
691
692
693
694
695
696
697
698
699
700
701
702
703
1024
1025
1026
1027
1028
1029
1030
1031
1032
1033
1034
1035
1036
1037
1038
1039
1040
1041
1042
1043
1044
1045
1046
1047
1048
1049
1050
1051
1052
1053
1054
1055
1056
1057
1058
1059
1060
1061
1062
1063
1064
1065
1066
1067
1068
1069
1070
1071
1072
1073
1074
1075
1076
1077
1078
1079
1080
1081
1082
1083
1084
1085
1086
1087
320
321
322
323
324
325
326
327
328
329
330
331
332
333
334
335
336
337
338
339
340
341
342
343
344
345
346
347
348
349
350
351
352
353
354
355
356
357
358
359
360
361
362
363
364
365
366
367
368
369
370
371
372
373
374
375
376
377
378
379
380
381
382
383
256
257
258
259
260
261
262
263
264
265
266
267
268
269
270
271
272
273
274
275
276
277
278
279
280
281
282
283
284
285
286
287
288
289
290
291
292
293
294
295
296
297
298
299
300
301
302
303
304
305
306
307
308
309
310
311
312
313
314
315
316
317
318
319
1408
1409
1410
1411
1412
1413
1414
1415
1416
1417
1418
1419
1420
1421
1422
1423
1424
1425
1426
1427
1428
1429
1430
1431
1432
1433
1434
1435
1436
1437
1438
1439
1440
1441
1442
1443
1444
1445
1446
1447
1448
1449
1450
1451
1452
1453
1454
1455
1456
1457
1458
1459
1460
1461
1462
1463
1464
1465
1466
1467
1468
1469
1470
1471
768
769
770
771
772
773
774
775
776
777
778
779
780
781
782
783
784
785
786
787
788
789
790
791
792
793
794
795
796
797
798
799
800
801
802
803
804
805
806
807
808
809
810
811
812
813
814
815
816
817
818
819
820
821
822
823
824
825
826
827
828
829
830
831
704
705
706
707
708
709
710
711
712
713
714
715
716
717
718
719
720
721
722
723
724
725
726
727
728
729
730
731
732
733
734
735
736
737
738
739
740
741
742
743
744
745
746
747
748
749
750
751
752
753
754
755
756
757
758
759
760
761
762
763
764
765
766
767
1472
1473
1474
1475
1476
1477
1478
1479
1480
1481
1482
1483
1484
1485
1486
1487
1488
1489
1490
1491
1492
1493
1494
1495
1496
1497
1498
1499
1500
1501
1502
1503
1504
1505
1506
1507
1508
1509
1510
1511
1512
1513
1514
1515
1516
1517
1518
1519
1520
1521
1522
1523
1524
1525
1526
1527
1528
1529
1530
1531
1532
1533
1534
1535
448
449
450
451
452
453
454
455
456
457
458
459
460
461
462
463
464
465
466
467
468
469
470
471
472
473
474
475
476
477
478
479
480
481
482
483
484
485
486
487
488
489
490
491
492
493
494
495
496
497
498
499
500
501
502
503
504
505
506
507
508
509
510
511
576
577
578
579
580
581
582
583
584
585
586
587
588
589
590
591
592
593
594
595
596
597
598
599
600
601
602
603
604
605
606
607
608
609
610
611
612
613
614
615
616
617
618
619
620
621
622
623
624
625
626
627
628
629
630
631
632
633
634
635
636
637
638
639
1792
1793
1794
1795
1796
1797
1798
1799
1800
1801
1802
1803
1804
1805
1806
1807
1808
1809
1810
1811
1812
1813
1814
1815
1816
1817
1818
1819
1820
1821
1822
1823
1824
1825
1826
1827
1828
1829
1830
1831
1832
1833
1834
1835
1836
1837
1838
1839
1840
1841
1842
1843
1844
1845
1846
1847
1848
1849
1850
1851
1852
1853
1854
1855
permutation 3 64 313
64
65
66
67
68
69
70
71
72
73
74
75
76
77
78
79
80
81
82
83
84
85
86
87
88
89
90
91
92
93
94
95
96
97
98
99
100
101
102
103
104
105
106
107
108
109
110
111
112
113
114
115
116
117
118
119
120
121
122
123
124
125
126
127
0
1
2
3
4
5
6
7
8
9
10
11
12
13
14
15
16
17
18
19
20
21
22
23
24
25
26
27
28
29
30
31
32
33
34
35
36
37
38
39
40
41
42
43
44
45
46
47
48
49
50
51
52
53
54
55
56
57
58
59
60
61
62
63
192
193
194
195
196
197
198
199
200
201
202
203
204
205
206
207
208
209
210
211
212
213
214
215
216
217
218
219
220
221
222
223
224
225
226
227
228
229
230
231
232
233
234
235
236
237
238
239
240
241
242
243
244
245
246
247
248
249
250
251
252
253
254
255
128
129
130
131
132
133
134
135
136
137
138
139
140
141
142
143
144
145
146
147
148
149
150
151
152
153
154
155
156
157
158
159
160
161
162
163
164
165
166
167
168
169
170
171
172
173
174
175
176
177
178
179
180
181
182
183
184
185
186
187
188
189
190
191
256
257
258
259
260
261
262
263
264
265
266
267
268
269
270
271
272
273
274
275
276
277
278
279
280
281
282
283
284
285
286
287
288
289
290
291
292
293
294
295
296
297
298
299
300
301
302
303
304
305
306
307
308
309
310
311
312
